epoch;loss;val_loss
0;0.017937494441866875;0.021961241960525513
1;0.014724583365023136;0.017633048817515373
2;0.01282077468931675;0.016169242560863495
3;0.01174852717667818;0.014684613794088364
4;0.011208781972527504;0.014168269000947475
5;0.010924303904175758;0.013368689455091953
6;0.0106622613966465;0.014954810030758381
7;0.010633312165737152;0.015621992759406567
8;0.010450484231114388;0.01357355434447527
9;0.010338209569454193;0.013195378705859184
10;0.01042440440505743;0.016818806529045105
11;0.010303339920938015;0.013932030647993088
12;0.010244225151836872;0.015570090152323246
13;0.010176604613661766;0.013206151314079762
14;0.010138757526874542;0.01322336308658123
15;0.010212447494268417;0.014697483740746975
16;0.01020659226924181;0.01452962588518858
0;0.018607620149850845;0.02715010941028595
1;0.013601833954453468;0.018143128603696823
2;0.012637782841920853;0.021830910816788673
3;0.011771478690207005;0.018502362072467804
4;0.011404678225517273;0.01548859104514122
5;0.011156177148222923;0.01722143404185772
6;0.010972465388476849;0.014539027586579323
7;0.010810612700879574;0.018379801884293556
8;0.01084871031343937;0.015073709189891815
9;0.010716245509684086;0.01406756229698658
10;0.010725671425461769;0.015368806198239326
11;0.010686812922358513;0.014256405644118786
12;0.010654914192855358;0.016005175188183784
13;0.010612730868160725;0.013858216814696789
14;0.010514938272535801;0.01585560478270054
15;0.010629714466631413;0.013846451416611671
16;0.010504488833248615;0.013898685574531555
17;0.010569538921117783;0.014612873084843159
18;0.01055800449103117;0.015434292145073414
19;0.010630720295011997;0.014282296411693096
20;0.01047412771731615;0.014244003221392632
21;0.010585465468466282;0.014032411389052868
22;0.010618051514029503;0.014372000470757484
