epoch;loss;val_loss
0;0.3971675634384155;0.3351770043373108
1;0.25215041637420654;0.2411079853773117
2;0.23243430256843567;0.23570172488689423
3;0.22368602454662323;0.21463531255722046
4;0.2180541753768921;0.20988881587982178
5;0.2139756679534912;0.2543122172355652
6;0.21178308129310608;0.2014337182044983
7;0.20872868597507477;0.21769948303699493
8;0.20539908111095428;0.20140273869037628
9;0.20265141129493713;0.20877796411514282
10;0.20061568915843964;0.20526033639907837
11;0.19945493340492249;0.20383387804031372
12;0.19644545018672943;0.21971306204795837
13;0.19651374220848083;0.19811908900737762
14;0.19514761865139008;0.2064264416694641
15;0.19353355467319489;0.22537851333618164
16;0.19428184628486633;0.21712730824947357
17;0.1927379071712494;0.19527217745780945
18;0.19310715794563293;0.2040526419878006
19;0.19131696224212646;0.22314831614494324
20;0.19221989810466766;0.19209012389183044
21;0.19165471196174622;0.21367497742176056
22;0.1902911216020584;0.20501501858234406
23;0.19166001677513123;0.2136516273021698
24;0.19047559797763824;0.21564020216464996
25;0.1908000111579895;0.25414761900901794
26;0.19023630023002625;0.19499938189983368
27;0.19043760001659393;0.17877331376075745
28;0.19069848954677582;0.18904677033424377
29;0.18994615972042084;0.1955411583185196
30;0.18942424654960632;0.1826598346233368
31;0.18866223096847534;0.18967728316783905
32;0.18769122660160065;0.18452033400535583
33;0.18697617948055267;0.19478769600391388
34;0.18661803007125854;0.1988157331943512
