epoch;loss;val_loss
0;0.0174604132771492;0.016702592372894287
1;0.014282921329140663;0.01408187672495842
2;0.013731217943131924;0.014268774539232254
3;0.013518611900508404;0.01604805327951908
4;0.013260827399790287;0.018011221662163734
5;0.013246815651655197;0.013143655844032764
6;0.013079315423965454;0.012820689007639885
7;0.013047357089817524;0.013115961104631424
8;0.012934280559420586;0.012133167125284672
9;0.012976007536053658;0.012888156808912754
10;0.012848443351686;0.012897905893623829
11;0.012853089720010757;0.014128484763205051
12;0.012830542400479317;0.012603044509887695
13;0.012783121317625046;0.015355248004198074
14;0.012722100131213665;0.013625254854559898
