epoch;loss;val_loss
0;0.06675491482019424;0.12906962633132935
1;0.06643905490636826;0.12707367539405823
2;0.0664377212524414;0.12012121826410294
3;0.06648535281419754;0.13060125708580017
4;0.06643787771463394;0.12472710013389587
5;0.06641700863838196;0.11831045895814896
6;0.06645865738391876;0.13383762538433075
7;0.06644295901060104;0.1269526332616806
8;0.06642068177461624;0.12580503523349762
9;0.06637634336948395;0.13551518321037292
10;0.06644848734140396;0.13487020134925842
11;0.0664232149720192;0.12735645473003387
12;0.06634938716888428;0.12570960819721222
0;0.02156974747776985;0.03355515003204346
1;0.01684606820344925;0.023875240236520767
2;0.014931992627680302;0.030990546569228172
3;0.014403491280972958;0.031699370592832565
4;0.014079454354941845;0.019622042775154114
5;0.013802257366478443;0.024378055706620216
6;0.013492745347321033;0.02000522054731846
7;0.013516112230718136;0.022012455388903618
8;0.013478551991283894;0.021870672702789307
9;0.013465591706335545;0.02285660430788994
10;0.013272003270685673;0.021152645349502563
11;0.013235654681921005;0.019440077245235443
12;0.01314816065132618;0.03560017794370651
13;0.013004597276449203;0.01892741024494171
14;0.013048393651843071;0.0199423860758543
15;0.012908411212265491;0.017934691160917282
16;0.012971688993275166;0.01836329884827137
17;0.012958946637809277;0.01971060037612915
18;0.012824486941099167;0.02321780100464821
19;0.012778968550264835;0.020333247259259224
20;0.012837352231144905;0.02258460596203804
21;0.012825364246964455;0.017475107684731483
22;0.012845085002481937;0.019033590331673622
23;0.012814057990908623;0.017790285870432854
24;0.012769808992743492;0.018941741436719894
25;0.012875617481768131;0.024807091802358627
26;0.01282726414501667;0.02131805196404457
27;0.0127614326775074;0.023220088332891464
28;0.012653605081140995;0.01801634207367897
0;0.01965918578207493;0.01878555864095688
1;0.01320620346814394;0.016570720821619034
2;0.012362979352474213;0.015814896672964096
3;0.011981591582298279;0.01567043550312519
4;0.011638615280389786;0.020744046196341515
5;0.011399945244193077;0.016431493684649467
6;0.011115429922938347;0.015428410843014717
7;0.011066862381994724;0.015355383977293968
8;0.01097059715539217;0.017129655927419662
9;0.011005482636392117;0.015461543574929237
10;0.010778081603348255;0.016037818044424057
11;0.010900551453232765;0.02145356871187687
12;0.01089386735111475;0.015020961873233318
13;0.010688007809221745;0.014584884978830814
14;0.01072755828499794;0.014107413589954376
15;0.010709764435887337;0.016264162957668304
16;0.010673517361283302;0.017089616507291794
17;0.010743009857833385;0.01767701655626297
18;0.0106358602643013;0.014587856829166412
19;0.010647555813193321;0.015937237069010735
20;0.010588787496089935;0.02216898836195469
21;0.010544667951762676;0.014682264067232609
