epoch;loss;val_loss
0;0.7240833640098572;0.5461118817329407
1;0.29175692796707153;0.2728327810764313
2;0.2404191941022873;0.24574150145053864
3;0.23156245052814484;0.25170525908470154
4;0.2275661677122116;0.24426071345806122
5;0.22466446459293365;0.24367105960845947
6;0.22191770374774933;0.22395756840705872
7;0.22214628756046295;0.23074381053447723
8;0.2197059690952301;0.23097805678844452
9;0.2195034623146057;0.2304006963968277
10;0.21820670366287231;0.24253158271312714
11;0.21781550347805023;0.22588178515434265
12;0.21724016964435577;0.22401580214500427
13;0.2181035429239273;0.22348180413246155
14;0.21747054159641266;0.24297605454921722
15;0.21664397418498993;0.2281973510980606
16;0.21719840168952942;0.22162848711013794
17;0.21672841906547546;0.2265479564666748
18;0.21619918942451477;0.23858924210071564
19;0.21561561524868011;0.23169967532157898
20;0.21491014957427979;0.23093323409557343
21;0.21550631523132324;0.23284336924552917
22;0.21439281105995178;0.24599601328372955
23;0.2146245688199997;0.22331677377223969
