epoch;loss;val_loss
0;0.016868596896529198;0.018109887838363647
1;0.011869619600474834;0.01358071155846119
2;0.010695138946175575;0.014980015344917774
3;0.010417593643069267;0.01341183390468359
4;0.010194403119385242;0.0120466323569417
5;0.009990432299673557;0.013112561777234077
6;0.010003325529396534;0.013204029761254787
7;0.009918002411723137;0.012024165131151676
8;0.009825505316257477;0.01200482901185751
9;0.009739726781845093;0.013350351713597775
10;0.009910578839480877;0.012590245343744755
11;0.009646724909543991;0.012207822874188423
12;0.00974155031144619;0.011855141259729862
13;0.009726975113153458;0.0142593402415514
14;0.00968057382851839;0.012329230085015297
15;0.009654466062784195;0.01236063800752163
16;0.00977956224232912;0.013606869615614414
17;0.009610739536583424;0.014808949083089828
18;0.009667957201600075;0.011688760481774807
19;0.009561519138514996;0.011860158294439316
20;0.009602311067283154;0.012960955500602722
21;0.009571474976837635;0.011328852735459805
22;0.009580640122294426;0.013654001988470554
23;0.009493960998952389;0.012866447679698467
24;0.009541654027998447;0.01209564320743084
25;0.00956579390913248;0.016435986384749413
26;0.009546425193548203;0.011545498855412006
27;0.009488352574408054;0.012000703252851963
28;0.009428576566278934;0.011941990815103054
0;0.017574060708284378;0.01936561055481434
1;0.014025931246578693;0.016394102945923805
2;0.012261535041034222;0.014911307021975517
3;0.011003025807440281;0.013060759752988815
4;0.01034814864397049;0.012833595275878906
5;0.010008751414716244;0.013165418989956379
6;0.009746072813868523;0.011937150731682777
7;0.009596445597708225;0.013033506460487843
8;0.009480297565460205;0.012326765805482864
9;0.009339227341115475;0.0118870809674263
10;0.00922249536961317;0.013879308477044106
11;0.009097691625356674;0.012638349086046219
12;0.009233344346284866;0.013486609794199467
13;0.009114685468375683;0.012100361287593842
14;0.009050757624208927;0.011850381270051003
15;0.009019819088280201;0.011312386021018028
16;0.00905663426965475;0.012124367989599705
17;0.008944811299443245;0.011671659536659718
18;0.008959217928349972;0.010943143628537655
19;0.008903240785002708;0.011207782663404942
20;0.008967691101133823;0.010690324008464813
21;0.00882576685398817;0.01067844033241272
22;0.008877146057784557;0.01113093364983797
23;0.00876504648476839;0.010703996755182743
24;0.008771318010985851;0.011666701175272465
25;0.008648721501231194;0.01085659209638834
26;0.008706779219210148;0.011498511768877506
27;0.008656936697661877;0.01108553446829319
28;0.008585422299802303;0.010870643891394138
