epoch;loss;val_loss
0;0.017703620716929436;0.015617127530276775
1;0.014975864440202713;0.01797962747514248
2;0.014831275679171085;0.015506615862250328
3;0.014638920314610004;0.015808770433068275
4;0.014705318957567215;0.015140785835683346
5;0.014601906761527061;0.015128372237086296
6;0.014465061947703362;0.0174793042242527
7;0.01450728066265583;0.014928446151316166
8;0.014430223032832146;0.016466330736875534
9;0.01439158245921135;0.015646805986762047
10;0.014434107579290867;0.014688574708998203
11;0.01449268776923418;0.018222950398921967
12;0.014400305226445198;0.01541631668806076
13;0.014396347105503082;0.015389450825750828
14;0.014351204968988895;0.014754443429410458
15;0.014375650323927402;0.015018411912024021
16;0.014341136440634727;0.014827532693743706
17;0.014389161951839924;0.015507952310144901
