epoch;loss;val_loss
0;0.01501863170415163;0.022042125463485718
1;0.012786483392119408;0.023138171061873436
2;0.0123057896271348;0.034559350460767746
0;0.014609326608479023;0.021992705762386322
1;0.012253993190824986;0.020980793982744217
2;0.011869373731315136;0.019093291833996773
3;0.011622258462011814;0.018315738067030907
4;0.011307306587696075;0.022357948124408722
5;0.011456183157861233;0.019922858104109764
0;0.01574883796274662;0.024686865508556366
1;0.012931556440889835;0.019461968913674355
2;0.012339087203145027;0.02013523504137993
3;0.011792640201747417;0.01911637932062149
4;0.01150420494377613;0.01709664799273014
5;0.011488806456327438;0.017500558868050575
6;0.01134488731622696;0.01806936413049698
