epoch;loss;val_loss
0;0.016123561188578606;0.013316976837813854
1;0.013230741955339909;0.012987679801881313
2;0.012877366505563259;0.013505449518561363
3;0.012624048627912998;0.014458192512392998
4;0.012553446926176548;0.012313466519117355
5;0.012354949489235878;0.012424582615494728
6;0.012364862486720085;0.012310273014008999
7;0.01228976622223854;0.013345005922019482
8;0.012357184663414955;0.01240841206163168
9;0.01224356610327959;0.01640160381793976
10;0.012266554869711399;0.013990914449095726
11;0.012159076519310474;0.01250917837023735
12;0.01222559716552496;0.012427126988768578
13;0.012236835435032845;0.012360316701233387
0;0.016446556895971298;0.018146980553865433
1;0.013600734993815422;0.014851691201329231
2;0.01308723445981741;0.013922515325248241
3;0.012818306684494019;0.013281702995300293
4;0.012733935378491879;0.013623467646539211
5;0.012516873888671398;0.013625496067106724
6;0.012480479665100574;0.012909511104226112
7;0.012398900464177132;0.013672012835741043
8;0.012371128425002098;0.01633366011083126
9;0.012341056019067764;0.01375530380755663
10;0.012302239425480366;0.015342451632022858
11;0.012300214730203152;0.014738677069544792
12;0.012215916998684406;0.013607596978545189
13;0.012224869802594185;0.013191989623010159
