epoch;loss;val_loss
0;0.01504599954932928;0.015235207974910736
1;0.012082255445420742;0.014988751150667667
2;0.011399178765714169;0.011982429772615433
3;0.010960645973682404;0.013311043381690979
4;0.01073639839887619;0.012685257941484451
5;0.010496760718524456;0.011907032690942287
6;0.01034213975071907;0.017174633219838142
7;0.010195749811828136;0.011009132489562035
8;0.010252143256366253;0.01609320007264614
9;0.010105940513312817;0.011161350645124912
10;0.010062392801046371;0.011338496580719948
11;0.01007990911602974;0.01150381751358509
12;0.010092993266880512;0.011948151513934135
13;0.00990845263004303;0.011528923176229
14;0.010009502060711384;0.01124353427439928
0;0.013864375650882721;0.01644911989569664
1;0.010504764504730701;0.010642677545547485
2;0.009918351657688618;0.010479877702891827
3;0.009716369211673737;0.010377967730164528
4;0.009559866040945053;0.010564854368567467
5;0.00944026280194521;0.01099842693656683
6;0.009352444671094418;0.009967115707695484
7;0.00936647318303585;0.010747218504548073
8;0.009307757019996643;0.010928677394986153
9;0.009311876259744167;0.012559621594846249
10;0.009381904266774654;0.010422075167298317
11;0.009279787540435791;0.010296163149178028
12;0.00928582064807415;0.009994474239647388
13;0.009210300631821156;0.012288551777601242
