epoch;loss;val_loss
0;0.026496460661292076;0.020607398822903633
1;0.014863516204059124;0.023295879364013672
2;0.014089890755712986;0.01796727627515793
3;0.013475382700562477;0.02826705388724804
4;0.013203984126448631;0.018343042582273483
5;0.013281946070492268;0.016402248293161392
6;0.013127815909683704;0.0162353478372097
7;0.012969916686415672;0.017139483243227005
8;0.012957065366208553;0.01767180673778057
9;0.01269862987101078;0.016647236421704292
10;0.012709630653262138;0.01797051541507244
11;0.01259759720414877;0.016484038904309273
12;0.012581923976540565;0.017046602442860603
13;0.012533821165561676;0.017794614657759666
