epoch;loss;val_loss
0;0.06217540055513382;0.11992929875850677
1;0.06212867423892021;0.12451829016208649
2;0.0621461421251297;0.11854586005210876
3;0.06213485822081566;0.11980922520160675
4;0.062134720385074615;0.1256096214056015
5;0.0620948001742363;0.11605680733919144
6;0.06217729300260544;0.12037064880132675
7;0.06207382306456566;0.11909511685371399
8;0.06208775192499161;0.12246603518724442
9;0.06209573149681091;0.12168024480342865
10;0.0620921328663826;0.11832986027002335
11;0.06213051825761795;0.1229652389883995
12;0.0621379129588604;0.11960486322641373
