epoch;loss;val_loss
0;0.02047407068312168;0.030146712437272072
1;0.01663629710674286;0.02665829472243786
2;0.016019998118281364;0.02588307484984398
3;0.015700455754995346;0.026304716244339943
4;0.015431049279868603;0.024646742269396782
5;0.015437907539308071;0.02523232251405716
6;0.01508184615522623;0.025260847061872482
7;0.015221239998936653;0.024859730154275894
8;0.01499943621456623;0.024228723719716072
9;0.014958473853766918;0.027064071968197823
10;0.014811964705586433;0.024333031848073006
11;0.014877513982355595;0.026020171120762825
12;0.014799704775214195;0.024994226172566414
13;0.014947480522096157;0.02459251508116722
14;0.014762470498681068;0.025785082951188087
15;0.014723820611834526;0.025175055488944054
