epoch;loss;val_loss
0;0.017164530232548714;0.016407307237386703
1;0.012734616175293922;0.01477761473506689
2;0.012367715127766132;0.015373339876532555
3;0.01213228702545166;0.015490773133933544
4;0.012008939869701862;0.016929613426327705
5;0.01186475157737732;0.01449958048760891
6;0.01167270541191101;0.01420638058334589
7;0.01168244518339634;0.0155972670763731
8;0.011618021875619888;0.015238585881888866
9;0.011626007035374641;0.01395353116095066
10;0.011685917153954506;0.015256701968610287
11;0.011653627268970013;0.016607144847512245
12;0.011605090461671352;0.014086033217608929
13;0.011597401462495327;0.015132827684283257
14;0.011607376858592033;0.014601338654756546
15;0.011611582711338997;0.01597263105213642
16;0.011538130231201649;0.0159155186265707
