epoch;loss;val_loss
0;0.020108960568904877;0.020823903381824493
1;0.014802863821387291;0.01701486110687256
2;0.01369255781173706;0.01796368695795536
3;0.013175776228308678;0.015740230679512024
4;0.012586765922605991;0.020056480541825294
5;0.012072593905031681;0.015174193307757378
6;0.011155042797327042;0.012862829491496086
7;0.010627343319356441;0.012642178684473038
8;0.01046015415340662;0.013789437711238861
9;0.010235825553536415;0.014006007462739944
10;0.010148588567972183;0.012613954953849316
11;0.009939566254615784;0.011600854806602001
12;0.00965307280421257;0.01211489737033844
13;0.00968681089580059;0.01343061588704586
14;0.009377299807965755;0.013365947641432285
15;0.009262952022254467;0.011613181792199612
16;0.009145972318947315;0.011338732205331326
17;0.00910902302712202;0.010662844404578209
18;0.00899513065814972;0.01194356381893158
19;0.00895642675459385;0.011507172137498856
20;0.008942308835685253;0.010931846685707569
21;0.008925786241889;0.010250993072986603
22;0.008856145665049553;0.010911437682807446
23;0.008857102133333683;0.010993702337145805
24;0.008762404322624207;0.011192595586180687
25;0.008730421774089336;0.010430829599499702
26;0.008675049990415573;0.010384899564087391
27;0.008693553507328033;0.010702566243708134
28;0.008665614761412144;0.010475649498403072
