epoch;loss;val_loss
0;0.8572095632553101;0.3915444314479828
1;0.2798774838447571;0.30600854754447937
2;0.2479562759399414;0.2607894241809845
3;0.2337357997894287;0.23096854984760284
4;0.22564294934272766;0.2133864015340805
5;0.22305668890476227;0.22417713701725006
6;0.21927613019943237;0.2200075089931488
7;0.2193271964788437;0.21690770983695984
8;0.21744759380817413;0.20486074686050415
9;0.21643784642219543;0.20994208753108978
10;0.21467411518096924;0.20138849318027496
11;0.21361473202705383;0.20341449975967407
12;0.2125927209854126;0.20449790358543396
13;0.21092133224010468;0.20144568383693695
14;0.20971541106700897;0.21082623302936554
15;0.21031028032302856;0.22771206498146057
16;0.20914854109287262;0.20190861821174622
17;0.2082410603761673;0.2202138453722
