epoch;loss;val_loss
0;0.3210112452507019;0.21555984020233154
1;0.21470186114311218;0.16220058500766754
2;0.19637732207775116;0.15791140496730804
3;0.18842488527297974;0.1593431830406189
4;0.18465101718902588;0.15847617387771606
5;0.1814287155866623;0.1556258350610733
6;0.18046700954437256;0.1553339958190918
7;0.17758198082447052;0.14937233924865723
8;0.1752970814704895;0.1468423753976822
9;0.17448380589485168;0.14506493508815765
10;0.17279475927352905;0.14727015793323517
11;0.1718936562538147;0.1581708788871765
12;0.1715683788061142;0.13554756343364716
13;0.1697871834039688;0.14532306790351868
14;0.17081904411315918;0.13832679390907288
15;0.16982387006282806;0.14692990481853485
16;0.1687290519475937;0.16462598741054535
17;0.1685330718755722;0.1295100599527359
18;0.1671440154314041;0.131830096244812
19;0.1672472357749939;0.13083025813102722
20;0.16673628985881805;0.13316082954406738
21;0.16588884592056274;0.13140517473220825
22;0.16533492505550385;0.1858723759651184
23;0.1652941256761551;0.12384302914142609
24;0.16520611941814423;0.13328364491462708
25;0.16467610001564026;0.13338468968868256
26;0.16363102197647095;0.12859822809696198
27;0.16515986621379852;0.12514662742614746
28;0.1638600379228592;0.13366498053073883
29;0.16408085823059082;0.13040505349636078
30;0.16343368589878082;0.13199006021022797
