epoch;loss;val_loss
0;0.04554586112499237;0.0783633440732956
1;0.04088374227285385;0.08069848269224167
2;0.040922436863183975;0.07191503793001175
3;0.04091481864452362;0.07263810187578201
4;0.04092905670404434;0.07127156108617783
5;0.04086718708276749;0.08664418756961823
6;0.04091304540634155;0.0771464854478836
7;0.040908265858888626;0.07054173201322556
8;0.040845464915037155;0.0726538673043251
9;0.04090176150202751;0.07741352170705795
10;0.040897563099861145;0.07572028785943985
11;0.04086506366729736;0.07167726755142212
12;0.04085256904363632;0.07431865483522415
13;0.04090261459350586;0.07953613996505737
14;0.04083375632762909;0.07392911612987518
