epoch;loss;val_loss
0;0.017098786309361458;0.018323345109820366
1;0.014092040248215199;0.016670508310198784
2;0.013516540639102459;0.01595485769212246
3;0.013109887950122356;0.015681937336921692
4;0.012695178389549255;0.019452761858701706
5;0.012644748203456402;0.01577361300587654
6;0.012405669316649437;0.015211227349936962
7;0.012293195351958275;0.014970259740948677
8;0.012204643338918686;0.01640400104224682
9;0.012030549347400665;0.016678206622600555
10;0.011997208930552006;0.015618152916431427
11;0.011986558325588703;0.015325590968132019
12;0.01181745994836092;0.015590917319059372
13;0.011840898543596268;0.01537999976426363
14;0.011818832717835903;0.015078622847795486
