epoch;loss;val_loss
0;0.020098507404327393;0.019257836043834686
1;0.015200718306005001;0.021685417741537094
2;0.014468982815742493;0.015557768754661083
3;0.01433748472481966;0.017418615520000458
4;0.014132922515273094;0.015465516597032547
5;0.014184748753905296;0.015165101736783981
6;0.014189145527780056;0.014799668453633785
7;0.013816631399095058;0.0319814532995224
8;0.013761715032160282;0.018362393602728844
9;0.013715848326683044;0.01458650454878807
10;0.013499123975634575;0.017468582838773727
11;0.013757145963609219;0.01925623044371605
12;0.013571971096098423;0.015138160437345505
13;0.013628104701638222;0.015452303923666477
14;0.013468977063894272;0.01604899764060974
15;0.013674285262823105;0.019723856821656227
16;0.013146184384822845;0.01737506128847599
0;0.01629878208041191;0.014653404243290424
1;0.011968246661126614;0.013179131783545017
2;0.011129946447908878;0.012878903187811375
3;0.010722857899963856;0.014684117399156094
4;0.010713858529925346;0.012370090931653976
5;0.01066555269062519;0.012013797648251057
6;0.010476646013557911;0.014081266708672047
7;0.01062487531453371;0.0116819953545928
8;0.010545485652983189;0.014361297711730003
9;0.01053929328918457;0.01148097775876522
10;0.010402655228972435;0.012154578231275082
11;0.01036740466952324;0.011964529752731323
12;0.010306581854820251;0.014112421311438084
13;0.010371829383075237;0.011573642492294312
14;0.01024600025266409;0.01315579004585743
15;0.01031377911567688;0.012549497187137604
16;0.010332996025681496;0.011239142157137394
17;0.010296542197465897;0.013406138867139816
18;0.0102477315813303;0.01304960623383522
19;0.010181859135627747;0.011976412497460842
20;0.010150451213121414;0.011266255751252174
21;0.010188568383455276;0.011633777990937233
22;0.010218244977295399;0.011364604346454144
23;0.010333720594644547;0.011749151162803173
