epoch;loss;val_loss
0;0.33249780535697937;0.25487595796585083
1;0.24361561238765717;0.24378535151481628
2;0.23103906214237213;0.22004948556423187
3;0.22447532415390015;0.21571612358093262
4;0.22111983597278595;0.21820589900016785
5;0.21751944720745087;0.2153107225894928
6;0.21703283488750458;0.21672943234443665
7;0.2149798423051834;0.22212056815624237
8;0.21506601572036743;0.2150115966796875
9;0.21381695568561554;0.23827888071537018
10;0.21341043710708618;0.23849083483219147
11;0.2128588855266571;0.2272990196943283
12;0.21160362660884857;0.22737576067447662
13;0.2116510272026062;0.21635854244232178
14;0.21204474568367004;0.22250714898109436
15;0.21202033758163452;0.2089006006717682
16;0.20953167974948883;0.2090436965227127
17;0.21123069524765015;0.23329630494117737
18;0.2100154161453247;0.21113009750843048
19;0.21020659804344177;0.2108939290046692
20;0.20936322212219238;0.22128097712993622
21;0.20915918052196503;0.2281300574541092
22;0.2087850421667099;0.22538243234157562
