epoch;loss;val_loss
0;0.6397238969802856;0.1873702108860016
1;0.20186495780944824;0.18508030474185944
2;0.1910664141178131;0.17928417026996613
3;0.18662840127944946;0.16328510642051697
4;0.1838557869195938;0.25695109367370605
5;0.18205799162387848;0.15987859666347504
6;0.17995525896549225;0.17368675768375397
7;0.17900462448596954;0.1613011509180069
8;0.17792026698589325;0.17335854470729828
9;0.17673705518245697;0.20591020584106445
10;0.17748376727104187;0.15743550658226013
11;0.17546625435352325;0.15871964395046234
12;0.17514799535274506;0.1578321009874344
13;0.17457209527492523;0.1648506075143814
14;0.17479224503040314;0.16780510544776917
15;0.17414216697216034;0.15954352915287018
16;0.17328661680221558;0.16208544373512268
17;0.17351706326007843;0.16753870248794556
