epoch;loss;val_loss
0;0.016358092427253723;0.015686627477407455
1;0.012781083583831787;0.016076071187853813
2;0.011759279295802116;0.014176594093441963
3;0.011410055682063103;0.013719520531594753
4;0.011259786784648895;0.014825825579464436
5;0.011044046841561794;0.013974522240459919
6;0.011019524186849594;0.014900241047143936
7;0.011092308908700943;0.012481519021093845
8;0.010979332029819489;0.01587321050465107
9;0.010916114784777164;0.012765295803546906
10;0.01088656298816204;0.012685409747064114
11;0.01083587110042572;0.014481819234788418
12;0.010879258625209332;0.012862310744822025
13;0.010810376144945621;0.012783614918589592
14;0.010826857760548592;0.013161313720047474
0;0.01469442993402481;0.012651890516281128
1;0.01127636432647705;0.012197173200547695
2;0.010594964027404785;0.011300593614578247
3;0.010340572334825993;0.02102343738079071
4;0.01015230268239975;0.011867745779454708
5;0.010129453614354134;0.011469650082290173
6;0.01008630357682705;0.012845789082348347
7;0.010012971237301826;0.01409672386944294
8;0.009981467388570309;0.01164218783378601
9;0.009991955012083054;0.011032545007765293
10;0.009927695617079735;0.012464611791074276
11;0.009968330152332783;0.012390028685331345
12;0.00999656692147255;0.010762903839349747
13;0.009994571097195148;0.01252755057066679
14;0.010033088736236095;0.014591089449822903
15;0.009824962355196476;0.010853137820959091
16;0.009939167648553848;0.010831055231392384
