epoch;loss;val_loss
0;0.017151910811662674;0.01722720079123974
1;0.01310853473842144;0.012893639504909515
2;0.01249877642840147;0.012885616160929203
3;0.012225301004946232;0.012842345051467419
4;0.012192879803478718;0.012235581874847412
5;0.012110975570976734;0.014531605876982212
6;0.01198671292513609;0.013064083643257618
7;0.011906993575394154;0.013654065318405628
8;0.011855287477374077;0.013670473359525204
9;0.011744901537895203;0.0126803545281291
10;0.011880500242114067;0.012711280956864357
11;0.011666723527014256;0.015302864834666252
