epoch;loss;val_loss
0;0.01863096095621586;0.021178996190428734
1;0.015490401536226273;0.02022380195558071
2;0.014577006921172142;0.018512049689888954
3;0.01397746428847313;0.01784236915409565
4;0.013757795095443726;0.01750742457807064
5;0.013677660375833511;0.017006827518343925
6;0.013516954146325588;0.017928702756762505
7;0.013484464958310127;0.021634595468640327
8;0.013423637486994267;0.0167789738625288
9;0.013349402695894241;0.01748526468873024
10;0.013355438597500324;0.017666324973106384
11;0.013324865140020847;0.019183868542313576
12;0.013251930475234985;0.01799771562218666
13;0.013255256228148937;0.017810478806495667
14;0.013247530907392502;0.018715381622314453
15;0.01336051058024168;0.01794966123998165
