epoch;loss;val_loss
0;0.015485137701034546;0.017861058935523033
1;0.012835456989705563;0.01811225339770317
2;0.01189930085092783;0.014481366612017155
3;0.011163720861077309;0.013137337751686573
4;0.010639602318406105;0.01588137075304985
5;0.010330487973988056;0.013685530051589012
6;0.010246876627206802;0.011716541834175587
7;0.009988405741751194;0.010853146202862263
8;0.009941262193024158;0.016896717250347137
9;0.009840329177677631;0.011304023675620556
10;0.009695024229586124;0.01214609108865261
11;0.009789325296878815;0.011691039428114891
12;0.009602331556379795;0.010952834971249104
13;0.009532897733151913;0.011516098864376545
14;0.009499729610979557;0.011808520182967186
