epoch;loss;val_loss
0;0.348728746175766;0.3058939576148987
1;0.2763603627681732;0.2607651948928833
2;0.2462807446718216;0.22839021682739258
3;0.23390914499759674;0.21959786117076874
4;0.22745287418365479;0.21893198788166046
5;0.2239934206008911;0.2011663168668747
6;0.22070792317390442;0.19056256115436554
7;0.21818241477012634;0.20972368121147156
8;0.21706697344779968;0.20290730893611908
9;0.21385888755321503;0.19792026281356812
10;0.21353477239608765;0.19639207422733307
11;0.21475151181221008;0.2111777812242508
12;0.21145468950271606;0.18928654491901398
13;0.21105143427848816;0.19288396835327148
14;0.21007204055786133;0.18536217510700226
15;0.20867560803890228;0.18760597705841064
16;0.20747047662734985;0.19531600177288055
17;0.20889399945735931;0.19115997850894928
18;0.20641988515853882;0.19612091779708862
19;0.20703457295894623;0.20403645932674408
20;0.2054854780435562;0.19159050285816193
21;0.2052113115787506;0.1879817247390747
