epoch;loss;val_loss
0;0.4590262472629547;0.3065046966075897
1;0.31350386142730713;0.28783804178237915
2;0.29604044556617737;0.26005953550338745
3;0.28145402669906616;0.28785252571105957
4;0.2698853015899658;0.28835731744766235
5;0.2559973895549774;0.25383123755455017
6;0.24913808703422546;0.2190779596567154
7;0.24368302524089813;0.20905256271362305
8;0.2372327744960785;0.2004082053899765
9;0.23287588357925415;0.20368337631225586
10;0.23120002448558807;0.20192517340183258
11;0.22887112200260162;0.32894107699394226
12;0.22581420838832855;0.2180674970149994
13;0.22473175823688507;0.19661560654640198
14;0.22287578880786896;0.21225669980049133
15;0.22109772264957428;0.1964998096227646
16;0.21943987905979156;0.23942306637763977
17;0.21914175152778625;0.20630507171154022
18;0.21848706901073456;0.20999564230442047
19;0.21784396469593048;0.20171679556369781
20;0.21673418581485748;0.2127579003572464
21;0.21573413908481598;0.21644045412540436
22;0.2156679928302765;0.19979704916477203
