epoch;loss;val_loss
0;0.01985698752105236;0.018342526629567146
1;0.01295330747961998;0.015042475424706936
2;0.012543500401079655;0.013441141694784164
3;0.012287559919059277;0.014051772654056549
4;0.012062745168805122;0.01866363175213337
5;0.011891164816915989;0.012576742097735405
6;0.011821052059531212;0.014534707181155682
7;0.011859705671668053;0.013647697865962982
8;0.011753803119063377;0.013125628232955933
9;0.011646450497210026;0.012628717347979546
10;0.011668585240840912;0.014634237624704838
11;0.011579059064388275;0.015745950862765312
12;0.011652984656393528;0.014931653626263142
