epoch;loss;val_loss
0;0.5966932773590088;0.19293199479579926
1;0.19965150952339172;0.17695839703083038
2;0.1904892474412918;0.17582140862941742
3;0.18607403337955475;0.19100046157836914
4;0.1827407330274582;0.1768500953912735
5;0.1804044395685196;0.17079578340053558
6;0.17743942141532898;0.17875739932060242
7;0.17585112154483795;0.1636826992034912
8;0.17500905692577362;0.16665583848953247
9;0.17410831153392792;0.16401544213294983
10;0.1721322238445282;0.20809394121170044
11;0.1721019446849823;0.17484842240810394
12;0.17105446755886078;0.16864755749702454
13;0.1712971031665802;0.18077343702316284
