epoch;loss;val_loss
0;0.015503562986850739;0.013050585985183716
1;0.011019865982234478;0.011396236717700958
2;0.010384696535766125;0.011230836622416973
3;0.010086378082633018;0.011297028511762619
4;0.01000569760799408;0.012203400954604149
5;0.009838225319981575;0.011680406518280506
6;0.009714731015264988;0.010934052988886833
7;0.0096513070166111;0.012419280596077442
8;0.009586300700902939;0.012185443192720413
9;0.009497562423348427;0.010771149769425392
10;0.009388236328959465;0.01283900998532772
11;0.009392337873578072;0.010952484793961048
12;0.009487451985478401;0.010389369912445545
13;0.009404205717146397;0.0105748837813735
14;0.009298869408667088;0.010393265634775162
15;0.009360088035464287;0.010778588242828846
16;0.009368257597088814;0.01123881060630083
17;0.009299387224018574;0.011506968177855015
18;0.009267046116292477;0.011081382632255554
19;0.009355271235108376;0.011630685068666935
