epoch;loss;val_loss
0;0.01493905484676361;0.02017383649945259
1;0.012179371900856495;0.015230707824230194
2;0.011295992881059647;0.015133826062083244
3;0.010923300869762897;0.013551387935876846
4;0.010698903352022171;0.017437472939491272
5;0.010568282566964626;0.013336637988686562
6;0.01035247277468443;0.013404728844761848
7;0.010224609635770321;0.014321635477244854
8;0.010140436701476574;0.01459630485624075
9;0.010162907652556896;0.01492956280708313
10;0.010032127611339092;0.01334830466657877
11;0.01011809054762125;0.019085627049207687
12;0.010006394237279892;0.015462200157344341
