epoch;loss;val_loss
0;0.042802151292562485;0.07875939458608627
1;0.04271068051457405;0.07728271931409836
2;0.04264109954237938;0.07240355759859085
3;0.04262789711356163;0.07559078186750412
4;0.04265359789133072;0.07664991170167923
5;0.04260249808430672;0.07371706515550613
6;0.04261736944317818;0.08151336014270782
7;0.04257990047335625;0.07387163490056992
8;0.042681511491537094;0.07779530435800552
9;0.04261982440948486;0.08400765806436539
0;0.021493714302778244;0.026130367070436478
1;0.013839050196111202;0.018815431743860245
2;0.012093311175704002;0.017363203689455986
3;0.011383549310266972;0.017856625840067863
4;0.011037182994186878;0.016663651913404465
5;0.010792426764965057;0.01765194535255432
6;0.010577340610325336;0.017600877210497856
7;0.010398738086223602;0.01569497212767601
8;0.010095271281898022;0.017615795135498047
9;0.009854191914200783;0.015321949496865273
10;0.009790356270968914;0.015839535742998123
11;0.009629433043301105;0.01563727669417858
12;0.009405449964106083;0.016027579084038734
13;0.009382803924381733;0.014939988031983376
14;0.009263130836188793;0.014891333878040314
15;0.009189443662762642;0.014455795288085938
16;0.009169284254312515;0.014799769967794418
17;0.009157047607004642;0.014078560285270214
18;0.009110050275921822;0.01469038613140583
19;0.009078986011445522;0.015165506862103939
20;0.009079469367861748;0.014487561769783497
21;0.009026166051626205;0.01758505031466484
22;0.008929709903895855;0.014256121590733528
23;0.009014944545924664;0.01584436558187008
24;0.008973333053290844;0.01986793428659439
