epoch;loss;val_loss
0;0.020702630281448364;0.026367122307419777
1;0.018402015790343285;0.019860533997416496
2;0.015976689755916595;0.01894601806998253
3;0.015013587661087513;0.017817318439483643
4;0.01454909611493349;0.021864768117666245
5;0.014327297918498516;0.017710642889142036
6;0.01425593439489603;0.017569422721862793
7;0.014245651662349701;0.017121145501732826
8;0.014083458110690117;0.019414201378822327
9;0.014004653319716454;0.018272431567311287
10;0.014044469222426414;0.020366095006465912
11;0.014072814956307411;0.020489145070314407
12;0.014009382575750351;0.01763039082288742
13;0.013849793933331966;0.01700848713517189
14;0.013885547406971455;0.018370015546679497
15;0.01401420310139656;0.017447607591748238
16;0.01384828332811594;0.01706194505095482
17;0.013906935229897499;0.017060082405805588
18;0.013883890584111214;0.023595066741108894
19;0.01394563913345337;0.016866028308868408
20;0.013837017118930817;0.016907747834920883
21;0.013847451657056808;0.0173456072807312
22;0.013777019456028938;0.018204757943749428
23;0.013796216808259487;0.017355885356664658
24;0.013767135329544544;0.01724880002439022
25;0.013710731640458107;0.01743176393210888
26;0.013700977899134159;0.017484521493315697
