epoch;loss;val_loss
0;0.44017618894577026;0.3055337965488434
1;0.3230232894420624;0.21717427670955658
2;0.22621434926986694;0.1853230595588684
3;0.19966211915016174;0.17469722032546997
4;0.1943771094083786;0.18614207208156586
5;0.19087927043437958;0.17047104239463806
6;0.1894099861383438;0.17346929013729095
7;0.1878499835729599;0.17543162405490875
8;0.18830420076847076;0.16746915876865387
9;0.18753577768802643;0.17736168205738068
10;0.18785610795021057;0.18553079664707184
11;0.18563216924667358;0.20322467386722565
12;0.1838245689868927;0.1726526916027069
13;0.18465541303157806;0.1697913557291031
14;0.18430447578430176;0.17142659425735474
15;0.1835205852985382;0.16621831059455872
16;0.18367306888103485;0.16830356419086456
17;0.18306048214435577;0.16750967502593994
18;0.182720348238945;0.23048821091651917
19;0.18186601996421814;0.1706642061471939
20;0.1827569156885147;0.17060153186321259
21;0.18133483827114105;0.1696338802576065
22;0.1809355616569519;0.17494797706604004
