epoch;loss;val_loss
0;0.016316348686814308;0.015332970768213272
1;0.013488761149346828;0.013783052563667297
2;0.012718467973172665;0.013492278754711151
3;0.01246265135705471;0.014788530766963959
4;0.012208572588860989;0.012925752438604832
5;0.011988705024123192;0.014957522973418236
6;0.012033063918352127;0.013596353121101856
7;0.011812702752649784;0.012703277170658112
8;0.01181270182132721;0.017089705914258957
9;0.011664420366287231;0.013328616507351398
10;0.011675928719341755;0.012431570328772068
11;0.011608201079070568;0.013238159008324146
12;0.011666231788694859;0.012609986588358879
13;0.011525196023285389;0.012844165787100792
14;0.011570418253540993;0.013637720607221127
15;0.011477516032755375;0.015144734643399715
16;0.011525634676218033;0.014062253758311272
17;0.011481329798698425;0.012845070101320744
