epoch;loss;val_loss
0;0.30550700426101685;0.21289274096488953
1;0.20389223098754883;0.20048581063747406
2;0.18383342027664185;0.1777907907962799
3;0.1753505915403366;0.16541913151741028
4;0.1714823842048645;0.1676243543624878
5;0.16737668216228485;0.17351774871349335
6;0.1665312796831131;0.1632079780101776
7;0.1651984453201294;0.16432805359363556
8;0.1625642031431198;0.1632709950208664
9;0.16113434731960297;0.16200882196426392
10;0.15995275974273682;0.1627950221300125
11;0.15871238708496094;0.15617252886295319
12;0.15829133987426758;0.16386783123016357
13;0.15595446527004242;0.15244778990745544
14;0.1555507332086563;0.15633967518806458
15;0.1545008271932602;0.16408690810203552
16;0.15470299124717712;0.1501682847738266
17;0.15315227210521698;0.15662851929664612
18;0.15280993282794952;0.15483881533145905
19;0.15296591818332672;0.15407612919807434
20;0.15274131298065186;0.15639959275722504
21;0.15179942548274994;0.15141919255256653
22;0.15146850049495697;0.16005387902259827
23;0.15147119760513306;0.16142107546329498
