epoch;loss;val_loss
0;0.015989184379577637;0.016668740659952164
1;0.012918055057525635;0.014152641408145428
2;0.012157874181866646;0.012370364740490913
3;0.01148146204650402;0.012038465589284897
4;0.011065788567066193;0.011694732122123241
5;0.010985234752297401;0.012559945695102215
6;0.010730882175266743;0.014376937411725521
7;0.010625047609210014;0.011194507591426373
8;0.010490866377949715;0.011414190754294395
9;0.010416768491268158;0.01093634869903326
10;0.010432790033519268;0.011054751463234425
11;0.010268060490489006;0.011257987469434738
12;0.010216477327048779;0.011297719553112984
13;0.010196451097726822;0.010892131365835667
14;0.010207376442849636;0.012377017177641392
15;0.010160204954445362;0.01321835070848465
16;0.010025929659605026;0.013666477054357529
17;0.010109355673193932;0.010635090991854668
18;0.010103791952133179;0.012582337483763695
19;0.009955354034900665;0.012988993898034096
20;0.010044337250292301;0.012775570154190063
21;0.010013923980295658;0.012582504190504551
22;0.009919092059135437;0.010925767943263054
23;0.00993588101118803;0.011857181787490845
24;0.009827041067183018;0.01122232899069786
