epoch;loss;val_loss
0;0.4292738735675812;0.30030763149261475
1;0.26212772727012634;0.25919079780578613
2;0.24285216629505157;0.22864016890525818
3;0.23501476645469666;0.24231748282909393
4;0.23043210804462433;0.20867912471294403
5;0.22678378224372864;0.21166934072971344
6;0.22129720449447632;0.206718310713768
7;0.2176016867160797;0.20433001220226288
8;0.21477918326854706;0.20600296556949615
9;0.21313141286373138;0.20515866577625275
10;0.2117719203233719;0.2073969841003418
11;0.21091581881046295;0.20907436311244965
12;0.20934543013572693;0.20947372913360596
13;0.20960186421871185;0.20729060471057892
14;0.20828025043010712;0.24671229720115662
