epoch;loss;val_loss
0;1.0757615566253662;0.31890663504600525
1;0.2618333101272583;0.2683406174182892
2;0.23751580715179443;0.24147097766399384
3;0.23233015835285187;0.2525329291820526
4;0.22911269962787628;0.25626856088638306
5;0.22572457790374756;0.23418782651424408
6;0.22425834834575653;0.23641866445541382
7;0.2224859595298767;0.24301600456237793
8;0.22141708433628082;0.2514840066432953
9;0.21998566389083862;0.22616253793239594
10;0.2196640521287918;0.2540031671524048
11;0.21824826300144196;0.23989422619342804
12;0.21831579506397247;0.2306019812822342
13;0.21793057024478912;0.2681018114089966
14;0.21730875968933105;0.23083999752998352
15;0.21752698719501495;0.2283497303724289
16;0.21607132256031036;0.2248322069644928
17;0.216602623462677;0.23154316842556
18;0.2156175822019577;0.24939508736133575
19;0.21576160192489624;0.23817630112171173
20;0.2141338586807251;0.26067039370536804
21;0.21512815356254578;0.2186446189880371
22;0.2139464020729065;0.2349863499403
23;0.2135286182165146;0.2273227721452713
24;0.21389590203762054;0.22766447067260742
25;0.21253153681755066;0.22590425610542297
26;0.21258540451526642;0.23787528276443481
27;0.21300627291202545;0.23733152449131012
28;0.21339358389377594;0.23119941353797913
