epoch;loss;val_loss
0;0.027849573642015457;0.039858825504779816
1;0.026762718334794044;0.034441739320755005
2;0.026704154908657074;0.03188641369342804
3;0.026715155690908432;0.03831813856959343
4;0.026743698865175247;0.040035419166088104
5;0.026675742119550705;0.036296550184488297
6;0.026720179244875908;0.028411617502570152
7;0.026722457259893417;0.035184238106012344
8;0.026698950678110123;0.03891139104962349
9;0.02675100788474083;0.029372479766607285
10;0.026726333424448967;0.03683634474873543
11;0.02671198733150959;0.03559296578168869
12;0.026757270097732544;0.034135885536670685
13;0.026699993759393692;0.03158411756157875
