epoch;loss;val_loss
0;0.028025109320878983;0.03857976570725441
1;0.02788497321307659;0.04692571610212326
2;0.027866089716553688;0.04609190300107002
3;0.02783859334886074;0.043999288231134415
4;0.02782563678920269;0.041257068514823914
5;0.027824493125081062;0.041973210871219635
6;0.027826007455587387;0.03868194669485092
7;0.027839431539177895;0.041444018483161926
0;0.014048800803720951;0.015123621560633183
1;0.011258532293140888;0.014257797040045261
2;0.01080373302102089;0.014861376956105232
3;0.010690118186175823;0.016262970864772797
4;0.010632007382810116;0.013545735739171505
5;0.010532272048294544;0.013106554746627808
6;0.010581210255622864;0.014827026054263115
7;0.010501720011234283;0.013022595085203648
8;0.010477421805262566;0.01343421172350645
9;0.010432235896587372;0.01918431930243969
10;0.010548543184995651;0.015125810168683529
11;0.010410189628601074;0.01331808976829052
12;0.010373723693192005;0.013441495597362518
13;0.01033888291567564;0.01299230009317398
14;0.010430263355374336;0.01266569085419178
15;0.010392297990620136;0.013199180364608765
16;0.010425606742501259;0.012902596034109592
17;0.010398415848612785;0.014160887338221073
18;0.010424784384667873;0.01812172681093216
19;0.010367575101554394;0.015411793254315853
20;0.010279168374836445;0.014402706176042557
21;0.01039914507418871;0.013181539252400398
