epoch;loss;val_loss
0;0.30393192172050476;0.17508448660373688
1;0.19515357911586761;0.14841997623443604
2;0.1801234483718872;0.20250609517097473
3;0.17116574943065643;0.1604933738708496
4;0.1663113385438919;0.12873981893062592
5;0.16330380737781525;0.12893515825271606
6;0.1619158536195755;0.12391727417707443
7;0.15824799239635468;0.13029377162456512
8;0.1581173986196518;0.13007278740406036
9;0.1560312956571579;0.15717719495296478
10;0.15608319640159607;0.12077789008617401
11;0.15523098409175873;0.12579403817653656
12;0.1534966230392456;0.13957038521766663
13;0.1550382822751999;0.128858283162117
14;0.1530439257621765;0.12406377494335175
15;0.15233251452445984;0.13120080530643463
16;0.15231634676456451;0.12175511568784714
17;0.15210479497909546;0.12528443336486816
