epoch;loss;val_loss
0;0.01806684024631977;0.021377142518758774
1;0.01636522449553013;0.02037772908806801
2;0.015531924553215504;0.01926535740494728
3;0.013902055099606514;0.018765216693282127
4;0.012517006136476994;0.015721367672085762
5;0.011623594909906387;0.017430638894438744
6;0.011278065852820873;0.014567296952009201
7;0.011120510287582874;0.01636585034430027
8;0.010920736007392406;0.013819658197462559
9;0.01079544797539711;0.014371153898537159
10;0.010713730938732624;0.016680194064974785
11;0.010550848208367825;0.014108210802078247
12;0.010554271750152111;0.013786869123578072
13;0.010377480648458004;0.013785802759230137
14;0.01042934413999319;0.015602950938045979
15;0.010412800125777721;0.014558582566678524
16;0.010348035022616386;0.013492654077708721
17;0.01039158459752798;0.014991186559200287
18;0.010270953178405762;0.01315577607601881
19;0.010286505334079266;0.013874056749045849
20;0.010352399200201035;0.014897540211677551
21;0.01039818860590458;0.013538896106183529
22;0.010190879926085472;0.013811230659484863
23;0.010335616767406464;0.013766080141067505
24;0.010327588766813278;0.014224360696971416
25;0.010260095819830894;0.014450152404606342
