epoch;loss;val_loss
0;0.3969261348247528;0.33991003036499023
1;0.2860000431537628;0.26025328040122986
2;0.22110584378242493;0.2599453628063202
3;0.21335634589195251;0.24096564948558807
4;0.20734897255897522;0.22395019233226776
5;0.20639567077159882;0.22733454406261444
6;0.20466776192188263;0.237580344080925
7;0.20342829823493958;0.2360994964838028
8;0.20169565081596375;0.22830474376678467
9;0.20286235213279724;0.2308759242296219
10;0.20207108557224274;0.23346130549907684
11;0.19924022257328033;0.22606877982616425
