epoch;loss;val_loss
0;0.6925796866416931;0.37381231784820557
1;0.32917100191116333;0.3903198540210724
2;0.32258376479148865;0.3656325042247772
3;0.3182988166809082;0.412784218788147
4;0.31634244322776794;0.3678378760814667
5;0.3131007254123688;0.41672638058662415
6;0.31146806478500366;0.40265727043151855
7;0.31107205152511597;0.3500458896160126
8;0.3096752464771271;0.3525484502315521
9;0.3084043860435486;0.3404070734977722
10;0.30672377347946167;0.3296561539173126
11;0.30607104301452637;0.34868112206459045
12;0.3048934042453766;0.3442363142967224
13;0.30295297503471375;0.34223657846450806
14;0.3008407950401306;0.3293931186199188
0;0.4099906384944916;0.3626362979412079
1;0.3427038788795471;0.4384121298789978
2;0.322250634431839;0.4158804714679718
3;0.3120012581348419;0.3439096212387085
4;0.30425888299942017;0.3465534448623657
5;0.30246999859809875;0.3437764346599579
6;0.3012813627719879;0.30153635144233704
7;0.299999475479126;0.37097787857055664
8;0.2974446415901184;0.30452337861061096
9;0.29576125741004944;0.3106236159801483
10;0.295640230178833;0.3259604871273041
11;0.29414352774620056;0.30644217133522034
12;0.2921363413333893;0.28191134333610535
13;0.2928730845451355;0.31090909242630005
14;0.2910105288028717;0.310718297958374
15;0.2888873815536499;0.30191096663475037
16;0.2884805202484131;0.29324179887771606
17;0.28801101446151733;0.3231576383113861
18;0.28480464220046997;0.33397752046585083
19;0.2874220609664917;0.2827261984348297
0;0.7594251036643982;0.5633132457733154
1;0.45458436012268066;0.559275209903717
