epoch;loss;val_loss
0;0.020667286589741707;0.022954784333705902
1;0.016580693423748016;0.018973631784319878
2;0.014596294611692429;0.018596632406115532
3;0.013587462715804577;0.018718671053647995
4;0.013116151094436646;0.01704767718911171
5;0.012965692207217216;0.01592692732810974
6;0.012791345827281475;0.015937427058815956
7;0.012788201682269573;0.017720608040690422
8;0.012687473557889462;0.014615149237215519
9;0.01261527556926012;0.015405016019940376
10;0.012576467357575893;0.019240764901041985
11;0.012490303255617619;0.015359574928879738
12;0.012501658871769905;0.015189353376626968
13;0.01245109736919403;0.014804317615926266
14;0.012449436821043491;0.01586471125483513
15;0.012386562302708626;0.01472755428403616
