epoch;loss;val_loss
0;0.015479229390621185;0.014152702875435352
1;0.011712138541042805;0.01297213975340128
2;0.01124885305762291;0.01170892734080553
3;0.010978818871080875;0.011644810438156128
4;0.010704598389565945;0.011296727694571018
5;0.01062542200088501;0.012146854773163795
6;0.010510029271245003;0.013521907851099968
7;0.010472070425748825;0.011612257920205593
8;0.010367472656071186;0.011337120085954666
9;0.010287870652973652;0.010790125466883183
10;0.010322873480618;0.0114388233050704
11;0.010321917943656445;0.010639235377311707
12;0.0101615646854043;0.012584786862134933
13;0.010157838463783264;0.011410960927605629
14;0.010214691050350666;0.013251308351755142
15;0.010098266415297985;0.010819346643984318
16;0.010150503367185593;0.012546147219836712
17;0.009985969401896;0.011202005669474602
18;0.010018282569944859;0.011517947539687157
