epoch;loss;val_loss
0;0.35247087478637695;0.2557074725627899
1;0.24700306355953217;0.3541027903556824
2;0.23448815941810608;0.2729943096637726
3;0.22756904363632202;0.23328040540218353
4;0.22200234234333038;0.22656887769699097
5;0.21249787509441376;0.20041877031326294
6;0.1827738732099533;0.1836596131324768
7;0.171449676156044;0.1634175330400467
8;0.16709643602371216;0.1613568812608719
9;0.1665220409631729;0.1914612054824829
10;0.16344422101974487;0.17654503881931305
11;0.16286130249500275;0.227681964635849
12;0.1634419560432434;0.16321903467178345
13;0.16284625232219696;0.16701696813106537
14;0.162607342004776;0.15278196334838867
15;0.16286243498325348;0.16182254254817963
16;0.16196441650390625;0.15410679578781128
