epoch;loss;val_loss
0;0.018681500107049942;0.017028288915753365
1;0.016385428607463837;0.017182566225528717
2;0.015125044621527195;0.015079878270626068
3;0.013119625858962536;0.014753011055290699
4;0.01199584361165762;0.012941810302436352
5;0.01158185489475727;0.012378096580505371
6;0.011349068954586983;0.01353432610630989
7;0.011075071059167385;0.01688230037689209
8;0.011081294156610966;0.012011869810521603
9;0.0110023133456707;0.01259753480553627
10;0.011002527549862862;0.012161013670265675
11;0.010990291833877563;0.013048683293163776
12;0.010997498407959938;0.011552165262401104
13;0.010943403467535973;0.012841327115893364
14;0.010895623825490475;0.013406823389232159
15;0.010932771489024162;0.011536926031112671
16;0.010874558240175247;0.012724488973617554
17;0.0109193604439497;0.014115529134869576
18;0.010835607536137104;0.012966077774763107
19;0.010749797336757183;0.015271814540028572
20;0.010846626944839954;0.011827916838228703
21;0.010784503072500229;0.012598749250173569
22;0.010823938995599747;0.011684833094477654
