epoch;loss;val_loss
0;0.39726486802101135;0.37111014127731323
1;0.30116674304008484;0.26398172974586487
2;0.27693840861320496;0.25628867745399475
3;0.2679583728313446;0.21306085586547852
4;0.2600560188293457;0.2092963308095932
5;0.24956203997135162;0.19697751104831696
6;0.24338585138320923;0.2046663761138916
7;0.23869751393795013;0.21043629944324493
8;0.23374707996845245;0.209596186876297
9;0.22901614010334015;0.19037297368049622
10;0.22537215054035187;0.21478472650051117
11;0.22427845001220703;0.19284038245677948
12;0.22124981880187988;0.19769516587257385
13;0.2193288803100586;0.2032967209815979
14;0.2183229774236679;0.198654443025589
15;0.21603578329086304;0.18969228863716125
16;0.2149394452571869;0.186417356133461
17;0.214673712849617;0.18657778203487396
18;0.21324296295642853;0.19063937664031982
19;0.21325421333312988;0.1789189875125885
20;0.2110070288181305;0.23603683710098267
21;0.2104821354150772;0.1846662312746048
22;0.21018995344638824;0.19159884750843048
23;0.20890773832798004;0.1857404112815857
24;0.20763394236564636;0.17706814408302307
25;0.2074633091688156;0.21350285410881042
26;0.20661188662052155;0.18006974458694458
27;0.20517763495445251;0.17750495672225952
28;0.2044946253299713;0.22600756585597992
29;0.20382782816886902;0.18833760917186737
30;0.20322367548942566;0.17234930396080017
31;0.20321686565876007;0.1811172366142273
32;0.20264795422554016;0.19513686001300812
33;0.20337282121181488;0.17651574313640594
34;0.20122727751731873;0.20505298674106598
35;0.20192502439022064;0.1882624626159668
36;0.2011145055294037;0.1819143146276474
37;0.20075181126594543;0.18224689364433289
