epoch;loss;val_loss
0;0.019237350672483444;0.019146015867590904
1;0.015509922057390213;0.015838168561458588
2;0.013611058704555035;0.01337504107505083
3;0.012275688350200653;0.013092420063912868
4;0.011834271252155304;0.012470572255551815
5;0.011680408380925655;0.012352616526186466
6;0.011616685427725315;0.012641974724829197
7;0.011500793509185314;0.012535654939711094
8;0.011325380764901638;0.011979524977505207
9;0.011367413215339184;0.011958824470639229
10;0.01127117034047842;0.012395596131682396
11;0.011178062297403812;0.011801816523075104
12;0.01118027325719595;0.012396793812513351
13;0.011151568032801151;0.013932147063314915
14;0.011210013180971146;0.01585083082318306
15;0.011226850561797619;0.012261060997843742
16;0.011182992719113827;0.012835209257900715
17;0.011083458550274372;0.013678791001439095
18;0.011072630994021893;0.012149848975241184
0;0.026237543672323227;0.0347142219543457
1;0.02619771659374237;0.03474578261375427
2;0.02620592527091503;0.03195260465145111
3;0.02619965933263302;0.03406175598502159
4;0.026226099580526352;0.03646703064441681
5;0.02618090622127056;0.03135301545262337
6;0.02619381994009018;0.032593272626399994
7;0.026180697605013847;0.03403230756521225
8;0.02621583640575409;0.03469138592481613
9;0.026217252016067505;0.03218783438205719
10;0.026193339377641678;0.0351497046649456
11;0.02622104249894619;0.035412535071372986
12;0.02615451067686081;0.0368666835129261
