epoch;loss;val_loss
0;0.3176802694797516;0.2369939237833023
1;0.21890316903591156;0.20568479597568512
2;0.20666949450969696;0.1970958262681961
3;0.20058390498161316;0.2665678858757019
4;0.19746115803718567;0.2294653058052063
5;0.19617880880832672;0.1849091500043869
6;0.19372715055942535;0.18535105884075165
7;0.19311492145061493;0.19571448862552643
8;0.19087205827236176;0.19393718242645264
9;0.19033607840538025;0.19149000942707062
10;0.19045118987560272;0.18469609320163727
11;0.18799734115600586;0.18140989542007446
12;0.1864553689956665;0.1787533462047577
13;0.18524539470672607;0.18133780360221863
14;0.18572762608528137;0.25966665148735046
15;0.1843394786119461;0.17895229160785675
16;0.18285487592220306;0.18840591609477997
17;0.1808651089668274;0.17928116023540497
18;0.17782941460609436;0.18730084598064423
19;0.17852506041526794;0.17350271344184875
20;0.17743955552577972;0.1828722357749939
21;0.17712774872779846;0.18291039764881134
22;0.17556573450565338;0.20212975144386292
23;0.17497618496418;0.179377943277359
24;0.1752975434064865;0.17670615017414093
25;0.1733570396900177;0.17131304740905762
26;0.17291724681854248;0.1746779829263687
27;0.1724868267774582;0.17293491959571838
28;0.17143696546554565;0.17265614867210388
29;0.1716255247592926;0.16998328268527985
30;0.17048729956150055;0.2053406685590744
31;0.17116165161132812;0.16978345811367035
32;0.16991974413394928;0.18227367103099823
33;0.17047308385372162;0.16484056413173676
34;0.16900119185447693;0.186808779835701
35;0.16912876069545746;0.17247258126735687
36;0.1681768000125885;0.16916921734809875
37;0.16858965158462524;0.16323527693748474
38;0.16792486608028412;0.1643756926059723
39;0.16796278953552246;0.16848336160182953
40;0.16792769730091095;0.17194034159183502
41;0.1683315932750702;0.16691191494464874
42;0.16700445115566254;0.18792511522769928
43;0.16761647164821625;0.18543550372123718
44;0.167690709233284;0.16756607592105865
