epoch;loss;val_loss
0;0.03517152741551399;0.022892335429787636
1;0.014945722185075283;0.01977222040295601
2;0.01413821056485176;0.019536690786480904
3;0.01388418860733509;0.019202085211873055
4;0.013676747679710388;0.01858176477253437
5;0.013535769656300545;0.018493762239813805
6;0.013343621976673603;0.018111879006028175
7;0.01332719624042511;0.01855437643826008
8;0.013305826112627983;0.01838616281747818
9;0.013216032646596432;0.017964975908398628
10;0.013334443792700768;0.0181756429374218
11;0.013202629052102566;0.018475379794836044
12;0.013124083168804646;0.019229784607887268
13;0.01317817997187376;0.01842130906879902
14;0.013174307532608509;0.01788206212222576
15;0.013090506196022034;0.017881549894809723
16;0.013230681419372559;0.017973819747567177
17;0.013119585812091827;0.017837658524513245
18;0.013016553595662117;0.017851227894425392
19;0.013150756247341633;0.017867522314190865
20;0.01308298297226429;0.0176701582968235
21;0.013063701801002026;0.01813635416328907
22;0.013042786158621311;0.01786181330680847
23;0.01306337583810091;0.01927911676466465
24;0.013075577095150948;0.01775963231921196
25;0.013086392544209957;0.01802680268883705
26;0.01304885745048523;0.017771564424037933
27;0.013106508180499077;0.01777750439941883
