epoch;loss;val_loss
0;0.014447351917624474;0.02397395856678486
1;0.012071722187101841;0.015598643571138382
2;0.011611174792051315;0.021487068384885788
3;0.011148879304528236;0.022421887144446373
4;0.011110247112810612;0.019985496997833252
5;0.010958300903439522;0.015171944163739681
6;0.010769911110401154;0.014349530450999737
7;0.010720307007431984;0.014231926761567593
8;0.010634839534759521;0.023067032918334007
9;0.010621016845107079;0.016414405778050423
10;0.010604416020214558;0.018739841878414154
11;0.010546405799686909;0.018027588725090027
12;0.010595771484076977;0.015033524483442307
13;0.010541492141783237;0.01465454138815403
14;0.010530218482017517;0.014262988232076168
0;0.013399454765021801;0.02270812727510929
1;0.011612356640398502;0.014660293236374855
2;0.011144976131618023;0.01890922151505947
3;0.010958445258438587;0.016131361946463585
4;0.010672560892999172;0.01339795719832182
5;0.010490487329661846;0.01581917703151703
6;0.01050646509975195;0.01267021894454956
7;0.010432288981974125;0.01432484108954668
8;0.010377461090683937;0.01710149459540844
9;0.010290108621120453;0.015159303322434425
10;0.010228611528873444;0.012600218877196312
11;0.010093177668750286;0.012149680405855179
12;0.010217859409749508;0.012213124893605709
13;0.01009395346045494;0.016750924289226532
14;0.010138166137039661;0.014584467746317387
15;0.010144008323550224;0.014392088167369366
16;0.010070082731544971;0.012598501518368721
17;0.010132542811334133;0.02188044786453247
18;0.010061166249215603;0.01590895839035511
