epoch;loss;val_loss
0;0.3633700907230377;0.29845502972602844
1;0.2671310603618622;0.2861510217189789
2;0.2442891001701355;0.24411453306674957
3;0.23495548963546753;0.24877353012561798
4;0.23199184238910675;0.23607991635799408
5;0.22870077192783356;0.23905088007450104
6;0.2263297736644745;0.23872767388820648
7;0.22465376555919647;0.2721959948539734
8;0.22424247860908508;0.2626992166042328
9;0.22332312166690826;0.22315241396427155
10;0.2238587588071823;0.22785161435604095
11;0.2222062200307846;0.23052434623241425
12;0.22273392975330353;0.24052104353904724
13;0.22254440188407898;0.232868492603302
14;0.2223220020532608;0.2274705469608307
15;0.22059929370880127;0.2513076663017273
16;0.22174574434757233;0.2288571149110794
