epoch;loss;val_loss
0;0.016359444707632065;0.022207817062735558
1;0.012285114265978336;0.01644694060087204
2;0.011798491701483727;0.013627762906253338
3;0.011661759577691555;0.013683565892279148
4;0.011700449511408806;0.013385336846113205
5;0.011546406894922256;0.013870528899133205
6;0.011445908807218075;0.015230598859488964
7;0.011366725899279118;0.012963617220520973
8;0.011405563913285732;0.013809622265398502
9;0.011347874999046326;0.01312083750963211
10;0.011354477144777775;0.01472363993525505
11;0.0113099105656147;0.015742819756269455
12;0.011301404796540737;0.018195785582065582
13;0.011279841884970665;0.01279021892696619
14;0.011273717507719994;0.013069455511868
15;0.011307552456855774;0.013232731260359287
16;0.011194562539458275;0.017316322773694992
17;0.011228455230593681;0.014902589842677116
18;0.011268018744885921;0.01745535619556904
19;0.011142870411276817;0.013419580645859241
20;0.011267803609371185;0.012931839562952518
