epoch;loss;val_loss
0;0.013800147920846939;0.015655068680644035
1;0.012522372417151928;0.015641286969184875
2;0.012248242273926735;0.018861649557948112
3;0.012201046571135521;0.015843408182263374
4;0.012038198299705982;0.016433894634246826
5;0.01194413099437952;0.0167813990265131
6;0.011880273930728436;0.015550480224192142
7;0.011896400712430477;0.01471137534826994
8;0.01181932631880045;0.01647239923477173
9;0.01178343128412962;0.016744744032621384
10;0.011734367348253727;0.015174332074820995
11;0.011719170957803726;0.014652088284492493
12;0.0117148756980896;0.01442873477935791
13;0.011741925030946732;0.01702580228447914
14;0.011622801423072815;0.016357297077775
15;0.011628207750618458;0.014777803793549538
16;0.011614805087447166;0.015598519705235958
17;0.011586842127144337;0.016221260651946068
18;0.01158215943723917;0.016791848465800285
19;0.011620094068348408;0.015191669575870037
