epoch;loss;val_loss
0;0.02674725092947483;0.03417878970503807
1;0.026142649352550507;0.03259599581360817
2;0.02622407115995884;0.034158170223236084
3;0.026143481954932213;0.03005746752023697
4;0.026225797832012177;0.03541244566440582
5;0.026223404332995415;0.03577041253447533
6;0.02625192701816559;0.033928439021110535
7;0.026191141456365585;0.035335805267095566
8;0.02618461847305298;0.034412190318107605
9;0.0261671282351017;0.03500870242714882
10;0.02620328776538372;0.03347890451550484
0;0.014039984904229641;0.01311641838401556
1;0.010702149011194706;0.01171720027923584
2;0.010326073504984379;0.011514320969581604
3;0.01014625933021307;0.012625967152416706
4;0.00995374284684658;0.012570084072649479
5;0.009915377013385296;0.010590470395982265
6;0.00983485672622919;0.012650086544454098
7;0.009733430109918118;0.01055222563445568
8;0.00968136265873909;0.011347511783242226
9;0.00972569826990366;0.010613842867314816
10;0.009672802872955799;0.014033342711627483
11;0.009743700735270977;0.01162120420485735
12;0.009778772480785847;0.010888653807342052
13;0.009640139527618885;0.013058756478130817
14;0.009689761325716972;0.010560824535787106
