epoch;loss;val_loss
0;0.015309763140976429;0.017070116475224495
1;0.013170085847377777;0.015962686389684677
2;0.012527895160019398;0.0152443153783679
3;0.012440582737326622;0.016257889568805695
4;0.012080678716301918;0.022275494411587715
5;0.012037533335387707;0.01840304769575596
6;0.012037673033773899;0.01470003742724657
7;0.011810611002147198;0.016692843288183212
8;0.011831525713205338;0.014215728268027306
9;0.011737390421330929;0.014718899503350258
10;0.01176263764500618;0.016117118299007416
11;0.011704432778060436;0.013965838588774204
12;0.011615598574280739;0.013945719227194786
13;0.011678649112582207;0.016305841505527496
14;0.011606354266405106;0.015065038576722145
15;0.01155609730631113;0.01416514441370964
16;0.011580224148929119;0.014215095899999142
17;0.011491680517792702;0.014202284626662731
18;0.011309660039842129;0.013894184492528439
19;0.01146888267248869;0.014645117335021496
20;0.011410748586058617;0.015174075961112976
21;0.011483179405331612;0.014425244182348251
22;0.011410653591156006;0.013487696647644043
23;0.011319144628942013;0.014960021711885929
24;0.01137127447873354;0.01434137299656868
25;0.0113072469830513;0.013500086031854153
26;0.011301212012767792;0.017216019332408905
27;0.011278968304395676;0.01718040369451046
28;0.01126869861036539;0.025040538981556892
29;0.011221597902476788;0.02165236510336399
