epoch;loss;val_loss
0;0.016871614381670952;0.015605875290930271
1;0.010885725729167461;0.012437867000699043
2;0.009846843779087067;0.013591021299362183
3;0.009551319293677807;0.011483924463391304
4;0.009400570765137672;0.014401094056665897
5;0.009231189265847206;0.01147843711078167
6;0.009219532832503319;0.01109644677489996
7;0.009027717635035515;0.011010543443262577
8;0.009073097258806229;0.011282318271696568
9;0.009060152806341648;0.013826313428580761
10;0.009033270180225372;0.013137751258909702
11;0.008894944563508034;0.011579343117773533
12;0.008990642614662647;0.010616546496748924
13;0.008898920379579067;0.011772369034588337
14;0.008994163013994694;0.013388417661190033
15;0.008974547497928143;0.01180629525333643
16;0.008955908939242363;0.01117351558059454
17;0.008818885311484337;0.01284429244697094
18;0.00879864301532507;0.011960351839661598
19;0.008838444948196411;0.011623179540038109
