epoch;loss;val_loss
0;0.01757369562983513;0.017609823495149612
1;0.01365597639232874;0.017151014879345894
2;0.012988884933292866;0.018164461478590965
3;0.012843183241784573;0.017789067700505257
4;0.012540292926132679;0.016121668741106987
5;0.012438432313501835;0.015226432122290134
6;0.012302312068641186;0.016048597171902657
7;0.012196504510939121;0.016268936917185783
8;0.012198513373732567;0.01678924821317196
9;0.012098492123186588;0.016687488183379173
10;0.012067491188645363;0.018567319959402084
11;0.012040490284562111;0.01611177995800972
12;0.011971432715654373;0.016567669808864594
