epoch;loss;val_loss
0;0.01724349707365036;0.017301660031080246
1;0.012801001779735088;0.0161259938031435
2;0.012245763093233109;0.015680596232414246
3;0.011760195717215538;0.01664518378674984
4;0.01166462991386652;0.017486141994595528
5;0.011615084484219551;0.01555523369461298
6;0.011528296396136284;0.0151138324290514
7;0.011564069427549839;0.016436979174613953
8;0.011471026577055454;0.01769031584262848
9;0.011460114270448685;0.015483032912015915
10;0.01142918597906828;0.015785861760377884
11;0.011319960467517376;0.016279499977827072
12;0.01133737526834011;0.015375202521681786
13;0.011382127180695534;0.015659915283322334
