epoch;loss;val_loss
0;0.01994962990283966;0.017741339281201363
1;0.0136029664427042;0.015350908041000366
2;0.01249915361404419;0.013881063088774681
3;0.011984894052147865;0.014100956730544567
4;0.011782017536461353;0.01428304985165596
5;0.011559332720935345;0.01648673228919506
6;0.011529904790222645;0.01484664436429739
7;0.0114290127530694;0.013694912195205688
8;0.01133666094392538;0.013348754495382309
9;0.011260329745709896;0.013736034743487835
10;0.011259527876973152;0.012837434187531471
11;0.011205778457224369;0.013931967318058014
12;0.011215311475098133;0.015349608846008778
13;0.01116774883121252;0.01315650437027216
14;0.011102991178631783;0.01389265712350607
15;0.011219354346394539;0.0133816571906209
16;0.011167311109602451;0.017194217070937157
17;0.01113953348249197;0.014180183410644531
