epoch;loss;val_loss
0;0.015784384682774544;0.013916748575866222
1;0.011936330236494541;0.013419216498732567
2;0.01174424309283495;0.01257073413580656
3;0.011654797941446304;0.013024908490478992
4;0.011574815958738327;0.012996729463338852
5;0.011509188450872898;0.016307275742292404
6;0.01138123869895935;0.012582261115312576
7;0.01135433278977871;0.01312752440571785
8;0.0113223260268569;0.013054348528385162
9;0.011300175450742245;0.012384217232465744
10;0.011280429549515247;0.015108601190149784
11;0.011299489066004753;0.012349375523626804
12;0.011125333607196808;0.013701828196644783
13;0.011202404275536537;0.013174032792448997
14;0.011213610880076885;0.013070989400148392
15;0.011059456504881382;0.012537876144051552
16;0.011167394928634167;0.01374814659357071
17;0.011163783259689808;0.012904624454677105
18;0.011099578812718391;0.01840515248477459
