epoch;loss;val_loss
0;0.01908550038933754;0.02037644386291504
1;0.013431612402200699;0.018558096140623093
2;0.012209651991724968;0.016150755807757378
3;0.011582220904529095;0.026849232614040375
4;0.011597959324717522;0.018992016091942787
5;0.011553479358553886;0.01551927998661995
6;0.011231827549636364;0.018785690888762474
7;0.01116927433758974;0.016318917274475098
8;0.011241246946156025;0.016104193404316902
9;0.011138943955302238;0.019342442974448204
10;0.011084139347076416;0.015951184555888176
11;0.011142771691083908;0.016541607677936554
12;0.01117056142538786;0.019901204854249954
