epoch;loss;val_loss
0;0.01631476916372776;0.02148110419511795
1;0.01283266395330429;0.02384650520980358
2;0.012394636869430542;0.022521009668707848
3;0.012247754260897636;0.020087208598852158
4;0.012151718139648438;0.02025473304092884
5;0.012128480710089207;0.019942911341786385
6;0.011930197477340698;0.019925575703382492
7;0.011756415478885174;0.020070340484380722
8;0.011700708419084549;0.022503653541207314
9;0.011643603444099426;0.020069768652319908
10;0.01158058363944292;0.02095920778810978
11;0.011600037105381489;0.020014142617583275
12;0.011549264192581177;0.01949756033718586
13;0.011585605330765247;0.020622096955776215
14;0.011636542156338692;0.019437897950410843
15;0.011481004767119884;0.020295627415180206
16;0.011484268121421337;0.0196993425488472
17;0.011480333283543587;0.01941620372235775
18;0.011514989659190178;0.01925206556916237
19;0.011515283957123756;0.01997649483382702
20;0.011429749429225922;0.019471243023872375
21;0.01149240043014288;0.019797032698988914
22;0.011491943150758743;0.02020181342959404
23;0.011460570618510246;0.019882826134562492
24;0.011374736204743385;0.019343078136444092
25;0.011472528800368309;0.022991271689534187
