epoch;loss;val_loss
0;0.38598141074180603;0.3208560049533844
1;0.27993085980415344;0.29785099625587463
2;0.2509109079837799;0.258675217628479
3;0.2382955104112625;0.2754693329334259
4;0.23033501207828522;0.21969640254974365
5;0.22661295533180237;0.23025794327259064
6;0.22407646477222443;0.20874445140361786
7;0.2196325659751892;0.22914476692676544
8;0.21709974110126495;0.24580678343772888
9;0.21538686752319336;0.2556362748146057
10;0.21221430599689484;0.20216183364391327
11;0.21239525079727173;0.22199346125125885
12;0.20763558149337769;0.20743881165981293
13;0.20882633328437805;0.253294438123703
14;0.20385318994522095;0.20278270542621613
15;0.202382430434227;0.20070527493953705
16;0.2013058066368103;0.25620853900909424
17;0.20151525735855103;0.2021734118461609
18;0.19986902177333832;0.23964393138885498
19;0.20018211007118225;0.21806414425373077
20;0.1965802013874054;0.19661323726177216
21;0.19773216545581818;0.19870875775814056
22;0.19710315763950348;0.19223660230636597
23;0.19632522761821747;0.1954365223646164
24;0.1953275054693222;0.22476330399513245
25;0.19459626078605652;0.20073454082012177
26;0.19371841847896576;0.19463084638118744
27;0.19234652817249298;0.18701475858688354
28;0.19309285283088684;0.2182409167289734
29;0.19317509233951569;0.18982194364070892
30;0.1915784776210785;0.24263706803321838
31;0.19098787009716034;0.1823367327451706
32;0.1914820522069931;0.20022687315940857
33;0.19097790122032166;0.2027900218963623
34;0.1899629682302475;0.18392004072666168
35;0.19064518809318542;0.20658257603645325
36;0.18961672484874725;0.18850228190422058
37;0.18865889310836792;0.22349350154399872
38;0.1881861388683319;0.18190765380859375
39;0.1887936145067215;0.1924268901348114
40;0.18780171871185303;0.24347369372844696
41;0.18756096065044403;0.22203892469406128
42;0.18702977895736694;0.26205816864967346
43;0.1866178661584854;0.2097182273864746
44;0.18693137168884277;0.1822195202112198
45;0.18619577586650848;0.18670223653316498
