epoch;loss;val_loss
0;0.02015995979309082;0.021100925281643867
1;0.014486314728856087;0.021080326288938522
2;0.01403403002768755;0.020775185897946358
3;0.013768617063760757;0.02171630784869194
4;0.013653159141540527;0.020057683810591698
5;0.013528645969927311;0.02020142786204815
6;0.013522366993129253;0.02069716714322567
7;0.013430889695882797;0.021163523197174072
8;0.01343216747045517;0.020836632698774338
9;0.013034378178417683;0.020798150449991226
10;0.012865968979895115;0.019473332911729813
11;0.012856993824243546;0.020177915692329407
12;0.012854187749326229;0.01992984674870968
13;0.012755758129060268;0.019387846812605858
14;0.012748688459396362;0.019522594287991524
15;0.012685367837548256;0.02017495222389698
16;0.012641762383282185;0.020161906257271767
17;0.012653607875108719;0.020454008132219315
18;0.012730584479868412;0.020963769406080246
19;0.012709571979939938;0.019384346902370453
20;0.012590102851390839;0.019900741055607796
21;0.012575163505971432;0.019963843747973442
22;0.012566796503961086;0.02212579734623432
23;0.012660523876547813;0.01990717649459839
24;0.012631195597350597;0.02011609822511673
25;0.012672016397118568;0.01985752396285534
26;0.01261768490076065;0.01942395605146885
