epoch;loss;val_loss
0;0.4275875687599182;0.3007950186729431
1;0.2998013496398926;0.249373197555542
2;0.2659110724925995;0.2224259376525879
3;0.24827370047569275;0.23322738707065582
4;0.23767539858818054;0.24566812813282013
5;0.2292647361755371;0.2095201462507248
6;0.2256428301334381;0.21006366610527039
7;0.22359520196914673;0.2049456089735031
8;0.22278466820716858;0.22099487483501434
9;0.22041374444961548;0.23650924861431122
10;0.21964837610721588;0.23407025635242462
11;0.21883957087993622;0.20028924942016602
12;0.21595947444438934;0.20304110646247864
13;0.21467411518096924;0.209463968873024
14;0.21436268091201782;0.20517994463443756
15;0.21334883570671082;0.2175649255514145
16;0.21189723908901215;0.19649793207645416
17;0.2117592990398407;0.2007349580526352
18;0.2108103185892105;0.20290504395961761
19;0.21033255755901337;0.20346464216709137
20;0.20864689350128174;0.21473698318004608
21;0.20915982127189636;0.2291443645954132
22;0.20834524929523468;0.23567034304141998
23;0.20828841626644135;0.1988324224948883
