epoch;loss;val_loss
0;0.742016077041626;0.4985805153846741
1;0.44607973098754883;0.4791441857814789
2;0.44638749957084656;0.49493104219436646
3;0.4463618993759155;0.4825742542743683
4;0.44633638858795166;0.4733878970146179
5;0.44628065824508667;0.5005651712417603
6;0.4463566839694977;0.48259639739990234
7;0.44624629616737366;0.49413812160491943
8;0.4464082717895508;0.49061906337738037
9;0.4462142288684845;0.5040660500526428
10;0.44642776250839233;0.4861835837364197
11;0.4464394450187683;0.492662250995636
0;0.46367955207824707;0.37406495213508606
1;0.3757547438144684;0.2877029478549957
2;0.3571953773498535;0.29555225372314453
3;0.33392465114593506;0.2869006395339966
4;0.3074316084384918;0.27012449502944946
5;0.2774009108543396;0.2521370053291321
6;0.24031810462474823;0.25631386041641235
7;0.2349923551082611;0.25507083535194397
8;0.2339189499616623;0.2648664712905884
9;0.23432284593582153;0.24473543465137482
10;0.23338128626346588;0.25298774242401123
11;0.23314887285232544;0.2602579891681671
12;0.23239333927631378;0.24925872683525085
13;0.23279482126235962;0.2531909644603729
14;0.23182843625545502;0.2718702554702759
15;0.2329147607088089;0.2546372711658478
16;0.23079586029052734;0.262490838766098
0;0.6293060779571533;0.2145044505596161
1;0.2153739631175995;0.19125698506832123
2;0.2063719630241394;0.22130745649337769
3;0.20297379791736603;0.17855431139469147
4;0.2023039609193802;0.1934867948293686
5;0.20141837000846863;0.19436702132225037
6;0.20068469643592834;0.18538492918014526
7;0.19945751130580902;0.1806129366159439
8;0.19992563128471375;0.18438972532749176
9;0.19924381375312805;0.18265259265899658
10;0.19894897937774658;0.18111972510814667
