epoch;loss;val_loss
0;0.029842233285307884;0.04949227347970009
1;0.029591301456093788;0.045796360820531845
2;0.029565807431936264;0.049697984009981155
3;0.02952854335308075;0.04310407489538193
4;0.029588375240564346;0.05000678077340126
5;0.029573149979114532;0.04682668671011925
6;0.02957298792898655;0.0521278902888298
7;0.029543118551373482;0.04435775801539421
8;0.029578164219856262;0.042060449719429016
9;0.029517827555537224;0.048950180411338806
10;0.02956680953502655;0.04222164303064346
11;0.02960359863936901;0.04523572698235512
12;0.029556797817349434;0.04487680271267891
13;0.029590677469968796;0.046353183686733246
14;0.029591165482997894;0.042514875531196594
15;0.029550794512033463;0.04301648959517479
