epoch;loss;val_loss
0;0.02987818606197834;0.04472438246011734
1;0.0296044759452343;0.050037890672683716
2;0.029530368745326996;0.044457852840423584
3;0.029607877135276794;0.047549694776535034
4;0.029578451067209244;0.046035610139369965
5;0.029560508206486702;0.045328423380851746
6;0.02952384017407894;0.04521328583359718
7;0.029560798779129982;0.04979521036148071
8;0.029590673744678497;0.04803762212395668
9;0.02955024689435959;0.045848485082387924
0;0.019185297191143036;0.019111324101686478
1;0.014713666401803493;0.02001889795064926
2;0.013652019202709198;0.016169803217053413
3;0.01332765631377697;0.017044657841324806
4;0.013114170171320438;0.016435032710433006
5;0.012975253164768219;0.016114143654704094
6;0.0128459632396698;0.015708928927779198
7;0.012808936648070812;0.01894087716937065
8;0.01254571694880724;0.016293060034513474
9;0.012595976702868938;0.016459627076983452
10;0.012529517523944378;0.016380570828914642
11;0.012413243763148785;0.01490067783743143
12;0.012389663606882095;0.016419382765889168
13;0.012349867261946201;0.01699053682386875
14;0.012248429469764233;0.014942590147256851
15;0.012199248187243938;0.017442520707845688
16;0.012187515385448933;0.0152822220697999
17;0.012245921418070793;0.015446982346475124
18;0.012201295234262943;0.016851576045155525
