epoch;loss;val_loss
0;0.01959541253745556;0.025527050718665123
1;0.015816478058695793;0.025166606530547142
2;0.015235047787427902;0.023815907537937164
3;0.014679708518087864;0.02392597869038582
4;0.01465417630970478;0.023816166445612907
5;0.014206431806087494;0.0229587871581316
6;0.014289064332842827;0.022786123678088188
7;0.014119940809905529;0.02467414364218712
8;0.014193291775882244;0.024110447615385056
9;0.014061132445931435;0.02330712229013443
10;0.014074533246457577;0.031282950192689896
11;0.013851202093064785;0.029450910165905952
12;0.013842662796378136;0.024130331352353096
13;0.01384797878563404;0.028832171112298965
