epoch;loss;val_loss
0;0.017263952642679214;0.01912330649793148
1;0.01485781092196703;0.017692843452095985
2;0.014491547830402851;0.016919607296586037
3;0.014250069856643677;0.015265975147485733
4;0.014001280069351196;0.01592239923775196
5;0.013899534940719604;0.01689009740948677
6;0.013849413953721523;0.015364327467978
7;0.013801585882902145;0.014999130740761757
8;0.013803476467728615;0.015090697444975376
9;0.0137507738545537;0.02032240480184555
10;0.013756144791841507;0.01614934764802456
11;0.013755842112004757;0.01555260643362999
12;0.013722304254770279;0.014952465891838074
13;0.013720250688493252;0.015038602985441685
14;0.013668246567249298;0.015687881037592888
15;0.013700469397008419;0.01895948313176632
16;0.013516865670681;0.016861429437994957
17;0.013620718382298946;0.01564915105700493
18;0.013517679646611214;0.015379888005554676
19;0.013524572364985943;0.016992872580885887
