epoch;loss;val_loss
0;0.4202127158641815;0.3404267132282257
1;0.3252631425857544;0.314098984003067
2;0.29362577199935913;0.2770653963088989
3;0.2413622885942459;0.23204673826694489
4;0.21249215304851532;0.2103278785943985
5;0.20766030251979828;0.2336845099925995
6;0.20457428693771362;0.22307248413562775
7;0.2027619332075119;0.21411140263080597
8;0.19871442019939423;0.20607906579971313
9;0.19521932303905487;0.20826303958892822
10;0.19220083951950073;0.18748046457767487
11;0.19050003588199615;0.190127432346344
12;0.18913473188877106;0.20815794169902802
13;0.1882462501525879;0.19357919692993164
14;0.18837347626686096;0.23733581602573395
15;0.18786416947841644;0.22208458185195923
16;0.18820399045944214;0.205910786986351
17;0.18686051666736603;0.2208310216665268
