epoch;loss;val_loss
0;0.38658252358436584;0.2827495336532593
1;0.2822897136211395;0.24387337267398834
2;0.2500796318054199;0.21302032470703125
3;0.21608667075634003;0.19593773782253265
4;0.20315015316009521;0.19270764291286469
5;0.19655966758728027;0.21124957501888275
6;0.1934090405702591;0.19931593537330627
7;0.19045433402061462;0.17242006957530975
8;0.1889287829399109;0.17560386657714844
9;0.18777409195899963;0.1834261417388916
10;0.18637298047542572;0.17089936137199402
11;0.18517877161502838;0.1744747906923294
12;0.18435990810394287;0.17237639427185059
13;0.18529647588729858;0.17817990481853485
14;0.18327970802783966;0.1983594000339508
15;0.18362413346767426;0.1655469834804535
16;0.18234102427959442;0.1656109094619751
17;0.18075397610664368;0.1673145294189453
18;0.18081554770469666;0.1822940707206726
19;0.18073111772537231;0.18655075132846832
20;0.17985612154006958;0.16734370589256287
21;0.17937837541103363;0.18654680252075195
22;0.1785307079553604;0.16800183057785034
