epoch;loss;val_loss
0;0.015680521726608276;0.018193328753113747
1;0.013145459815859795;0.015572426840662956
2;0.012225363403558731;0.013709448277950287
3;0.01181418914347887;0.013371710665524006
4;0.011556001380085945;0.01316345576196909
5;0.011484116315841675;0.013839289546012878
6;0.011458809487521648;0.013935952447354794
7;0.011299295350909233;0.013659494929015636
8;0.01120090764015913;0.015221863985061646
9;0.011250913143157959;0.013501360081136227
10;0.011101455427706242;0.013220546767115593
11;0.011059241369366646;0.015399497002363205
0;0.030926046893000603;0.043825313448905945
1;0.03065645880997181;0.04377015307545662
2;0.030611397698521614;0.04472406208515167
3;0.030619755387306213;0.04470938444137573
4;0.030627598986029625;0.04710940271615982
5;0.0305998083204031;0.040199048817157745
6;0.03063613921403885;0.04125185310840607
7;0.03065485693514347;0.047234419733285904
8;0.030643414705991745;0.04241842031478882
9;0.030671129003167152;0.0418722927570343
10;0.030596790835261345;0.03967150300741196
11;0.03063146583735943;0.042616650462150574
12;0.030594682320952415;0.04147982597351074
13;0.030650891363620758;0.04170049726963043
14;0.030668916180729866;0.04271649941802025
15;0.030632155016064644;0.04414258524775505
16;0.030629046261310577;0.04199657216668129
17;0.030649742111563683;0.040810585021972656
0;0.013174710795283318;0.013000809587538242
1;0.010623646900057793;0.012165353633463383
2;0.010257451795041561;0.01183267030864954
3;0.010010913014411926;0.01112456526607275
4;0.00992729514837265;0.01252023782581091
5;0.00996903982013464;0.012575901113450527
6;0.009751630946993828;0.010788979008793831
7;0.009749607183039188;0.014328742399811745
8;0.009775597602128983;0.017723383381962776
9;0.009818208403885365;0.011258604936301708
10;0.00970824807882309;0.011835247278213501
11;0.009693272411823273;0.015060681849718094
12;0.009634677320718765;0.011300495825707912
13;0.009647587314248085;0.011944928206503391
