epoch;loss;val_loss
0;0.01647593267261982;0.020466459915041924
1;0.012558567337691784;0.018687568604946136
2;0.011716709472239017;0.018347783014178276
3;0.011407190933823586;0.018019450828433037
4;0.011182460002601147;0.01693771965801716
5;0.011031430214643478;0.019329743459820747
6;0.011064372956752777;0.018633835017681122
7;0.010843474417924881;0.01916639506816864
8;0.010852438397705555;0.018894704058766365
9;0.010703056119382381;0.017433077096939087
10;0.010705435648560524;0.02060605026781559
11;0.010555905289947987;0.01798342913389206
0;0.014602741226553917;0.016274994239211082
1;0.011659299954771996;0.018437828868627548
2;0.011327248066663742;0.015992090106010437
3;0.011005142703652382;0.01580716483294964
4;0.010883496142923832;0.018400445580482483
5;0.010647657327353954;0.0174554456025362
6;0.010685540735721588;0.01540707889944315
7;0.010496336966753006;0.016040628775954247
8;0.010456731542944908;0.015842704102396965
9;0.010461710393428802;0.018681662157177925
10;0.010458230040967464;0.016875898465514183
11;0.010428299196064472;0.017110778018832207
12;0.01035749725997448;0.016047906130552292
13;0.010283129289746284;0.02120266482234001
