epoch;loss;val_loss
0;0.020975450053811073;0.01930375210940838
1;0.014330511912703514;0.017654890194535255
2;0.012839134782552719;0.016700752079486847
3;0.012239817529916763;0.016835268586874008
4;0.012066113762557507;0.016382355242967606
5;0.011814187280833721;0.015457196161150932
6;0.011695901863276958;0.016151487827301025
7;0.011580904945731163;0.014677104540169239
8;0.01152822095900774;0.015012419782578945
9;0.011525141075253487;0.017757344990968704
10;0.01146580372005701;0.01552650798112154
11;0.011524566449224949;0.01709091104567051
12;0.011402997188270092;0.015304029919207096
13;0.011502197943627834;0.01477991696447134
14;0.01147063821554184;0.015194703824818134
