epoch;loss;val_loss
0;0.3643052577972412;0.2705475389957428
1;0.24394948780536652;0.24723942577838898
2;0.22520148754119873;0.23770853877067566
3;0.21634390950202942;0.2263423353433609
4;0.21195130050182343;0.21381737291812897
5;0.20853619277477264;0.21366414427757263
6;0.20500633120536804;0.21136748790740967
7;0.2042444944381714;0.23763437569141388
8;0.20242568850517273;0.199818953871727
9;0.20151902735233307;0.202247753739357
10;0.19993457198143005;0.1992187649011612
11;0.20017804205417633;0.19570550322532654
12;0.19994871318340302;0.20574994385242462
13;0.20018941164016724;0.19656191766262054
14;0.19973812997341156;0.20657560229301453
15;0.19858543574810028;0.19551827013492584
16;0.19780850410461426;0.19881905615329742
17;0.19659481942653656;0.20558778941631317
18;0.19610512256622314;0.20231668651103973
19;0.19467084109783173;0.20781660079956055
20;0.1954684555530548;0.20044471323490143
21;0.19493702054023743;0.1971920281648636
22;0.19394250214099884;0.19851523637771606
