epoch;loss;val_loss
0;0.47717222571372986;0.4185231924057007
1;0.3842400908470154;0.39740467071533203
2;0.36164218187332153;0.39495787024497986
3;0.3501657247543335;0.4564465284347534
4;0.34128692746162415;0.37445876002311707
5;0.33787229657173157;0.37217649817466736
6;0.3338792026042938;0.43566781282424927
7;0.3318607211112976;0.36157554388046265
8;0.32975316047668457;0.37457898259162903
9;0.32722777128219604;0.3945619761943817
10;0.3266872465610504;0.35967397689819336
11;0.32500535249710083;0.40923234820365906
12;0.3265838921070099;0.37587952613830566
13;0.3244152069091797;0.38006195425987244
14;0.3238223195075989;0.38318145275115967
15;0.3239065408706665;0.3676115870475769
16;0.32292425632476807;0.35735899209976196
17;0.32204410433769226;0.38049596548080444
18;0.32175248861312866;0.3653585910797119
0;0.46722856163978577;0.29600247740745544
1;0.27380919456481934;0.27018728852272034
2;0.25775736570358276;0.2992643713951111
3;0.2525143623352051;0.287268728017807
4;0.2475462555885315;0.28251421451568604
5;0.24399341642856598;0.2597641348838806
6;0.24208258092403412;0.2643384635448456
7;0.23985475301742554;0.2728855013847351
8;0.2391933798789978;0.2585599422454834
9;0.23703676462173462;0.296673059463501
10;0.23663946986198425;0.2536830008029938
11;0.23670919239521027;0.2527625560760498
12;0.23603317141532898;0.2718019485473633
13;0.23481224477291107;0.24965664744377136
14;0.2340853065252304;0.2602052688598633
15;0.23449218273162842;0.2631065249443054
16;0.2334275096654892;0.2457531988620758
17;0.2317255288362503;0.24433240294456482
18;0.23083321750164032;0.2744642496109009
19;0.23154054582118988;0.2883412539958954
20;0.22962959110736847;0.24154703319072723
21;0.2289300262928009;0.2630806267261505
