epoch;loss;val_loss
0;0.015500567853450775;0.01578524336218834
1;0.012541784904897213;0.01736093871295452
2;0.012006322853267193;0.014547726139426231
3;0.011788551695644855;0.01498007494956255
4;0.011560429818928242;0.01342709269374609
5;0.011452275328338146;0.014008809812366962
6;0.011377347633242607;0.013932687230408192
7;0.011296594515442848;0.01678585261106491
8;0.011251312680542469;0.01400282233953476
9;0.011279990896582603;0.02170751802623272
10;0.011276275850832462;0.013686960563063622
11;0.011118695139884949;0.013641400262713432
0;0.018814947456121445;0.018990492448210716
1;0.013890331611037254;0.01625174842774868
2;0.012808923609554768;0.01823386177420616
3;0.012228504754602909;0.014874445274472237
4;0.011802242137491703;0.014981391839683056
5;0.011523266322910786;0.02014567144215107
6;0.011297892779111862;0.018257617950439453
7;0.011327405460178852;0.0171000137925148
8;0.011262163519859314;0.014293193817138672
9;0.011191814206540585;0.015655331313610077
10;0.011042320169508457;0.013749059289693832
11;0.011129285208880901;0.014508153311908245
12;0.01107043121010065;0.01754174381494522
13;0.011156626977026463;0.013882018625736237
14;0.011056491173803806;0.014538177289068699
15;0.010988938622176647;0.015537138096988201
16;0.011038904078304768;0.01453767903149128
17;0.011000249534845352;0.01498168334364891
