epoch;loss;val_loss
0;0.306290864944458;0.23359543085098267
1;0.21161548793315887;0.1971847116947174
2;0.19479584693908691;0.2902454137802124
3;0.18842759728431702;0.18945541977882385
4;0.18306225538253784;0.22997115552425385
5;0.17862212657928467;0.16063542664051056
6;0.17629170417785645;0.17906621098518372
7;0.17068332433700562;0.1521824598312378
8;0.16484946012496948;0.1599961519241333
9;0.1605694442987442;0.1664988398551941
10;0.15803192555904388;0.14452943205833435
11;0.1543389856815338;0.14690199494361877
12;0.15227818489074707;0.14107990264892578
13;0.15235178172588348;0.14626045525074005
14;0.15101845562458038;0.14557582139968872
15;0.14907130599021912;0.1484849601984024
16;0.149119034409523;0.15501393377780914
17;0.1472707837820053;0.1418289840221405
18;0.14825472235679626;0.1457420140504837
19;0.14749488234519958;0.14608031511306763
