epoch;loss;val_loss
0;0.4582814872264862;0.3522365689277649
1;0.3268929421901703;0.2954505681991577
2;0.30950507521629333;0.2658174932003021
3;0.3012981414794922;0.27158793807029724
4;0.2968863844871521;0.25259074568748474
5;0.2927648425102234;0.25093358755111694
6;0.29265472292900085;0.24716711044311523
7;0.2891397178173065;0.23632189631462097
8;0.2858460247516632;0.3243998885154724
9;0.28488612174987793;0.24466709792613983
10;0.28251826763153076;0.25447025895118713
11;0.28082653880119324;0.2356054186820984
12;0.27889496088027954;0.27114859223365784
13;0.27786874771118164;0.2513654828071594
14;0.2789657711982727;0.2342606633901596
15;0.27734556794166565;0.24864405393600464
16;0.2762819826602936;0.23777249455451965
17;0.27788323163986206;0.23583821952342987
18;0.27531594038009644;0.24930958449840546
19;0.2753511369228363;0.24439725279808044
20;0.27516692876815796;0.24480102956295013
21;0.2740859091281891;0.24363581836223602
