epoch;loss;val_loss
0;0.021272819489240646;0.018903415650129318
1;0.014849456958472729;0.017886873334646225
2;0.0136839235201478;0.017720654606819153
3;0.013188058510422707;0.01698252744972706
4;0.013069280423223972;0.01713334023952484
5;0.01295446790754795;0.017608782276511192
6;0.012875501997768879;0.018185263499617577
7;0.012474680319428444;0.01588364876806736
8;0.012363805435597897;0.019125405699014664
9;0.01237126812338829;0.015192734077572823
10;0.01224113442003727;0.01578677073121071
11;0.012135104276239872;0.016796723008155823
12;0.012117801234126091;0.016659677028656006
13;0.012036336585879326;0.01684737578034401
14;0.012065836228430271;0.018069295212626457
15;0.011984786950051785;0.015690088272094727
16;0.012044433504343033;0.015977494418621063
