epoch;loss;val_loss
0;0.017293326556682587;0.01506644394248724
1;0.012249440886080265;0.013413991779088974
2;0.011495421640574932;0.012672203592956066
3;0.011180411092936993;0.012652293778955936
4;0.01095852442085743;0.012073414400219917
5;0.010832475498318672;0.011582105420529842
6;0.010689343325793743;0.012189673259854317
7;0.010589992627501488;0.01189728919416666
8;0.010589571669697762;0.01261072140187025
9;0.010460646823048592;0.015311991795897484
0;0.01707133650779724;0.01695108786225319
1;0.012618884444236755;0.02155773527920246
2;0.0119639215990901;0.024626024067401886
3;0.011691207997500896;0.012649297714233398
4;0.011452891863882542;0.013179569505155087
5;0.011419350281357765;0.012493854388594627
6;0.011352295987308025;0.012248304672539234
7;0.011300656013190746;0.014649839140474796
8;0.011185999028384686;0.013262110762298107
