epoch;loss;val_loss
0;0.04369188845157623;0.07697172462940216
1;0.04263674095273018;0.07761663943529129
2;0.0426497757434845;0.07420960813760757
3;0.04269900172948837;0.08485961705446243
4;0.04264670982956886;0.08388897031545639
5;0.042648639529943466;0.07482914626598358
6;0.04273633658885956;0.08079409599304199
7;0.04263024404644966;0.07196596264839172
8;0.0426403172314167;0.08558296412229538
9;0.0426628515124321;0.07748393714427948
10;0.04265069216489792;0.08844456076622009
11;0.042587414383888245;0.07198196649551392
12;0.04267009720206261;0.07778194546699524
13;0.042630501091480255;0.08390428870916367
14;0.04268784821033478;0.07949917763471603
0;0.014896240085363388;0.02027592435479164
1;0.011723929084837437;0.017878055572509766
2;0.011152091436088085;0.020303169265389442
3;0.010941714979708195;0.020167792215943336
4;0.010735668241977692;0.015470506623387337
5;0.010604930110275745;0.015794187784194946
6;0.010536039248108864;0.015462420880794525
7;0.010601948015391827;0.015553534962236881
8;0.010461462661623955;0.01610475406050682
9;0.010411654599010944;0.020413190126419067
10;0.010398760437965393;0.017584091052412987
11;0.010315241292119026;0.018655456602573395
12;0.010293828323483467;0.016720741987228394
13;0.01040150597691536;0.015166772529482841
14;0.010296457447111607;0.016939720138907433
15;0.010302888229489326;0.015143333934247494
16;0.010149655863642693;0.01632777601480484
17;0.010214081034064293;0.016924027353525162
18;0.0102642010897398;0.018269436433911324
19;0.010232316330075264;0.023537652567029
20;0.010291273705661297;0.0171032901853323
21;0.010232803411781788;0.016389455646276474
22;0.010119863785803318;0.01660400815308094
