epoch;loss;val_loss
0;0.31729480624198914;0.22432070970535278
1;0.2109408974647522;0.19485825300216675
2;0.1941668689250946;0.18124446272850037
3;0.1876145750284195;0.1827854961156845
4;0.18478776514530182;0.20868292450904846
5;0.18135955929756165;0.20270608365535736
6;0.18017275631427765;0.15891024470329285
7;0.17865118384361267;0.16635265946388245
8;0.17554022371768951;0.16786585748195648
9;0.17411267757415771;0.15949346125125885
10;0.1725311577320099;0.1561603993177414
11;0.1725936383008957;0.16278484463691711
12;0.17176416516304016;0.18989217281341553
13;0.1701953411102295;0.15756987035274506
14;0.1688242107629776;0.15548168122768402
