epoch;loss;val_loss
0;0.051645319908857346;0.01992710493505001
1;0.012542002834379673;0.016451526433229446
2;0.010510374791920185;0.01359113585203886
3;0.009318092837929726;0.0110614113509655
4;0.008426656015217304;0.010282940231263638
5;0.007727157324552536;0.009358750656247139
6;0.0072722770273685455;0.009114280343055725
7;0.006902553141117096;0.008856859989464283
8;0.006620160769671202;0.008652827702462673
9;0.0064247590489685535;0.00962463952600956
10;0.006254805251955986;0.007980652153491974
11;0.006137050222605467;0.008041786961257458
12;0.005996246822178364;0.008097252808511257
13;0.005908748600631952;0.0082600312307477
14;0.0058067417703568935;0.007690852973610163
15;0.005725483875721693;0.007702084258198738
16;0.005695711355656385;0.007484761532396078
17;0.005639710463583469;0.007709086406975985
18;0.005603446159511805;0.007372504100203514
19;0.005586286541074514;0.008209258317947388
20;0.005547885783016682;0.007199322804808617
21;0.005504039581865072;0.007740953471511602
22;0.00545633165165782;0.00745384069159627
23;0.005434773862361908;0.007304456550627947
24;0.005427805706858635;0.0072349607944488525
25;0.005422502756118774;0.0070997378788888454
26;0.005419738125056028;0.007144488859921694
27;0.005411451682448387;0.0071692634373903275
28;0.005372368730604649;0.007431238889694214
29;0.005343909375369549;0.007231631316244602
30;0.005344726145267487;0.007009998895227909
31;0.005338422954082489;0.007054333575069904
32;0.005309202242642641;0.007031227927654982
33;0.005297752097249031;0.007016243413090706
34;0.005291626323014498;0.008091110736131668
35;0.005315474234521389;0.007891410030424595
36;0.005270378664135933;0.007186641450971365
37;0.00525980070233345;0.007194467820227146
