epoch;loss;val_loss
0;0.04238823801279068;0.016762932762503624
1;0.012562538497149944;0.013478931039571762
2;0.00991692952811718;0.010608797892928123
3;0.008634812198579311;0.009349790401756763
4;0.007802155334502459;0.00883297249674797
5;0.007246104534715414;0.008962136693298817
6;0.00689180800691247;0.009059712290763855
7;0.006612816359847784;0.008239198476076126
8;0.006396291311830282;0.008007391355931759
9;0.006198541261255741;0.008403774350881577
10;0.006111044902354479;0.007992146536707878
11;0.005960150621831417;0.007891750894486904
12;0.005876609124243259;0.00765141611918807
13;0.005798790603876114;0.007458375301212072
14;0.005743594840168953;0.007556298281997442
15;0.005687327589839697;0.0076433271169662476
16;0.005653828382492065;0.007359409239143133
17;0.005586402956396341;0.007852082140743732
18;0.005565807688981295;0.008204489015042782
19;0.005514052696526051;0.007012341637164354
20;0.005469101015478373;0.007109435275197029
21;0.005447495728731155;0.007305789738893509
22;0.005417140666395426;0.006977141369134188
23;0.005398489534854889;0.007060625124722719
24;0.005387636832892895;0.006912084762006998
25;0.005364361219108105;0.006885683164000511
26;0.005336107220500708;0.006854413077235222
27;0.005285948049277067;0.006917841732501984
28;0.005276884883642197;0.0070927501656115055
29;0.0052547454833984375;0.007089874241501093
30;0.0052283457480371;0.0068708923645317554
31;0.00522500928491354;0.006813796237111092
32;0.005198919679969549;0.007221017498522997
33;0.005193549208343029;0.006919764447957277
34;0.005184559151530266;0.0068711284548044205
35;0.005156100727617741;0.006806015502661467
36;0.005143360234797001;0.006850922480225563
37;0.005141064990311861;0.007286182139068842
38;0.005125441588461399;0.006582827307283878
39;0.005107853561639786;0.006588977761566639
40;0.005124394781887531;0.0070055266842246056
41;0.0050963470712304115;0.006664091255515814
42;0.005076590459793806;0.006578863598406315
43;0.005082373041659594;0.0068779317662119865
44;0.005048978142440319;0.006648666691035032
45;0.005059449002146721;0.0067196493037045
46;0.005048499442636967;0.006537329405546188
47;0.005047262646257877;0.006535079330205917
48;0.005039863288402557;0.006632975768297911
49;0.005026315804570913;0.006522603798657656
