epoch;loss;val_loss
0;0.02984461560845375;0.01141933910548687
1;0.007322788704186678;0.009284581057727337
2;0.0064733000472188;0.00947507843375206
3;0.006070385687053204;0.008496759459376335
4;0.005805715452879667;0.008822109550237656
5;0.0056470767594873905;0.00809266697615385
6;0.005487979389727116;0.00792570412158966
7;0.005318701267242432;0.008176576346158981
8;0.00515911215916276;0.008163795806467533
9;0.004965970758348703;0.007674940396100283
10;0.004827600903809071;0.00697281351312995
11;0.004622445907443762;0.00713800173252821
12;0.004419760778546333;0.006541767623275518
13;0.004254390951246023;0.006157251540571451
14;0.004159778822213411;0.005940323695540428
15;0.004058724734932184;0.006145657040178776
16;0.00396055169403553;0.006044937763363123
17;0.003900954034179449;0.005899588577449322
18;0.00383863877505064;0.00572620565071702
19;0.0037986943498253822;0.005518007092177868
20;0.003779519349336624;0.006044865120202303
21;0.0037531955167651176;0.006027476862072945
22;0.0037350868806242943;0.005685038864612579
23;0.003709685057401657;0.005733293015509844
24;0.0036952036898583174;0.005641238763928413
25;0.0036878681275993586;0.005664865020662546
26;0.003682238282635808;0.005522982217371464
0;0.01066709216684103;0.008905304595828056
1;0.00524097541347146;0.007523626554757357
2;0.004598578903824091;0.0063839866779744625
3;0.004276002291589975;0.006430750712752342
4;0.0041246660985052586;0.006125397048890591
5;0.003986972384154797;0.006005315110087395
6;0.003910713363438845;0.005843956954777241
7;0.0038066781125962734;0.005965197924524546
8;0.003739783773198724;0.006035417318344116
9;0.0036935568787157536;0.005877347197383642
10;0.0036417420487850904;0.005844542756676674
11;0.003592889988794923;0.005686619784682989
12;0.0035389678087085485;0.005769830662757158
13;0.00349908578209579;0.005941202398389578
14;0.003471468575298786;0.005600282456725836
15;0.003449485171586275;0.0057589029893279076
16;0.0034127519465982914;0.005717420484870672
17;0.003384718205779791;0.005465914495289326
18;0.0033697776962071657;0.005421176087111235
19;0.003350260201841593;0.005345194134861231
20;0.0033393329940736294;0.005336981266736984
21;0.0033014353830367327;0.005408994387835264
22;0.003302621655166149;0.005411086603999138
23;0.003279239870607853;0.005568719003349543
24;0.00326156010851264;0.00586498761549592
25;0.0032424218952655792;0.005397249944508076
26;0.0032218205742537975;0.005382066126912832
27;0.003204445820301771;0.005202653352171183
28;0.003196797100827098;0.005238282028585672
29;0.003174586920067668;0.005633772816509008
30;0.0031584391836076975;0.005338460672646761
31;0.0031719456892460585;0.005336281377822161
32;0.0031415268313139677;0.005193721037358046
33;0.0031361025758087635;0.005270702764391899
34;0.0031375957187265158;0.005211333278566599
35;0.0031196943018585443;0.005120131187140942
36;0.0031119363848119974;0.005169950425624847
37;0.0030912200454622507;0.0051090107299387455
38;0.0030807030852884054;0.005189431831240654
39;0.0030823585111647844;0.00548804085701704
40;0.0030645630322396755;0.005336201749742031
41;0.003070857608690858;0.005320578347891569
42;0.003049977123737335;0.00516208540648222
43;0.0030411004554480314;0.005151006858795881
44;0.0030358806252479553;0.004978652577847242
45;0.003024509409442544;0.005004856735467911
46;0.003019882133230567;0.004971818532794714
47;0.0030102950986474752;0.005116256885230541
48;0.0029930814635008574;0.005368116777390242
49;0.0029876003973186016;0.004889374598860741
