epoch;loss;val_loss
0;0.01100375410169363;0.009486923925578594
1;0.007131876889616251;0.00842319056391716
2;0.005915021523833275;0.00714945187792182
3;0.00521241407841444;0.0066504208371043205
4;0.004820833448320627;0.006536150351166725
5;0.0045391591265797615;0.006456053350120783
6;0.004376671276986599;0.0063276952132582664
7;0.004289871081709862;0.006099821999669075
8;0.004200633615255356;0.005739669781178236
9;0.0041343700140714645;0.006235453765839338
10;0.004082014784216881;0.005787231493741274
11;0.004035032354295254;0.005745680537074804
12;0.004002376459538937;0.005715016275644302
13;0.003979097120463848;0.005838225595653057
14;0.0039518242701888084;0.005800248123705387
15;0.003934529144316912;0.0056804390624165535
16;0.003931334707885981;0.005721400957554579
17;0.0039061366114765406;0.006392285693436861
18;0.0038812062703073025;0.005635519046336412
19;0.0038787047378718853;0.005531614180654287
20;0.0038610196206718683;0.005896865390241146
21;0.003846273524686694;0.005631160456687212
22;0.0038442141376435757;0.006744415033608675
23;0.0038440770003944635;0.005879524629563093
24;0.00382235343568027;0.005843804683536291
25;0.003811103058978915;0.005492862313985825
26;0.003808896988630295;0.005457076709717512
27;0.003809703281149268;0.005495270248502493
28;0.0037802106235176325;0.00558400247246027
29;0.003773129777982831;0.005602460354566574
30;0.0037616954650729895;0.0056868684478104115
31;0.00375075894407928;0.0057098278775811195
32;0.0037574409507215023;0.006200373638421297
33;0.003740431973710656;0.005666880868375301
0;0.026602962985634804;0.012007983401417732
1;0.007898039184510708;0.00931670144200325
2;0.007081151008605957;0.009811202064156532
3;0.006736936047673225;0.010274415835738182
4;0.006532269064337015;0.008372983895242214
5;0.006408229935914278;0.008607306517660618
6;0.00630548782646656;0.009219642728567123
7;0.006209779996424913;0.00939754955470562
8;0.0061294618062675;0.008637010119855404
9;0.006058083847165108;0.008270902559161186
10;0.006003529764711857;0.00840405561029911
11;0.005908206570893526;0.008134512230753899
12;0.005857383832335472;0.008415920659899712
13;0.005775925703346729;0.008976785466074944
14;0.005695984698832035;0.008192770183086395
15;0.005583000835031271;0.007804172113537788
16;0.005474912468343973;0.008038562722504139
17;0.005374971777200699;0.007483399473130703
18;0.005306370556354523;0.007318108342587948
19;0.005235533695667982;0.007696536835283041
20;0.005121064838021994;0.007327859289944172
21;0.005059226416051388;0.007350096013396978
22;0.005011153873056173;0.007641366217285395
23;0.0049217562191188335;0.00788797065615654
24;0.004875918384641409;0.007550452835857868
25;0.004823846742510796;0.0075819469057023525
