epoch;loss;val_loss
0;0.041131891310214996;0.02008885145187378
1;0.013350103981792927;0.01497735921293497
2;0.009571624919772148;0.012723387219011784
3;0.00806200597435236;0.011345688253641129
4;0.0072545381262898445;0.011045757681131363
5;0.0067883264273405075;0.010061903856694698
6;0.0065062097273766994;0.009823961183428764
7;0.006277922075241804;0.009167841635644436
8;0.006139751058071852;0.00941717904061079
9;0.006030040793120861;0.00936613604426384
10;0.005926960147917271;0.009717597626149654
11;0.005854280199855566;0.008730963803827763
12;0.005762503016740084;0.009492376819252968
13;0.0057107238098979;0.008484051562845707
14;0.0056732636876404285;0.00860796868801117
15;0.005605959799140692;0.009039072319865227
16;0.005572164431214333;0.008474867790937424
17;0.005482440814375877;0.008687063120305538
18;0.00549527071416378;0.008725482039153576
19;0.005433030426502228;0.008290578611195087
20;0.005410168785601854;0.008120519109070301
21;0.005365479737520218;0.008244253695011139
22;0.0053612468764185905;0.008289128541946411
23;0.005339408293366432;0.008137228898704052
24;0.005333995912224054;0.008129030466079712
25;0.0052963802590966225;0.00829384382814169
26;0.005296486895531416;0.007997124455869198
27;0.005258047021925449;0.007863403297960758
28;0.005279035773128271;0.007875921204686165
29;0.005233864299952984;0.007840012200176716
30;0.005238119978457689;0.007983997464179993
31;0.005248300731182098;0.007780697196722031
32;0.005199335981160402;0.0076541355811059475
33;0.005208379123359919;0.008778818883001804
34;0.005195582285523415;0.007755733095109463
35;0.00518260570243001;0.008303970098495483
36;0.0051833284087479115;0.007784703280776739
37;0.005183512810617685;0.008368464186787605
38;0.005166593473404646;0.008827070705592632
39;0.005167047958821058;0.007944706827402115
