epoch;loss;val_loss
0;0.015372339636087418;0.016695600003004074
1;0.010491910390555859;0.013025051914155483
2;0.009672373533248901;0.011166499927639961
0;0.015832751989364624;0.011269195936620235
1;0.009690758772194386;0.011041788384318352
2;0.008964442647993565;0.010351029224693775
3;0.008818847127258778;0.012920632027089596
4;0.008750124834477901;0.009555311873555183
5;0.008676880039274693;0.009927533566951752
6;0.008608370088040829;0.010847561061382294
7;0.008488272316753864;0.011154372245073318
8;0.008479601703584194;0.009151974692940712
9;0.008445344865322113;0.00980585440993309
10;0.008534278720617294;0.010592433623969555
11;0.008504158817231655;0.011440753936767578
0;0.013180441223084927;0.01114613376557827
1;0.008092685602605343;0.011137392371892929
2;0.007684451527893543;0.00906287506222725
3;0.0074674771167337894;0.009026385843753815
4;0.007430681027472019;0.008855730295181274
5;0.0074368310160934925;0.011224421672523022
6;0.007322554476559162;0.01186692900955677
7;0.007298181299120188;0.010015182197093964
8;0.007230060175061226;0.008961925283074379
9;0.007294732611626387;0.009622341953217983
10;0.007208197843283415;0.009543747641146183
11;0.007237097714096308;0.009661862626671791
0;0.037362005561590195;0.01858910545706749
1;0.01073400117456913;0.013481867499649525
2;0.009108278900384903;0.012058663181960583
3;0.008453674614429474;0.011765405535697937
4;0.0081221554428339;0.011180207133293152
5;0.007916322909295559;0.011626800522208214
6;0.007789245806634426;0.010601150803267956
7;0.0076938197016716;0.010577351786196232
8;0.007617195136845112;0.010204337537288666
9;0.0075605218298733234;0.01008538156747818
10;0.0075138648971915245;0.01048099435865879
11;0.0074743288569152355;0.01025020144879818
12;0.007430220488458872;0.010004336945712566
13;0.0073947724886238575;0.009895778261125088
14;0.007374828681349754;0.010023651644587517
15;0.007343722973018885;0.010064400732517242
16;0.007305571809411049;0.010267443023622036
17;0.00727128516882658;0.010051126591861248
18;0.007261415012180805;0.010183116421103477
19;0.007228804752230644;0.009878184646368027
20;0.007238416932523251;0.009777521714568138
21;0.007183887530118227;0.009721712209284306
22;0.0071895732544362545;0.009505949914455414
23;0.007153500337153673;0.009744073264300823
24;0.007171511184424162;0.009509776718914509
25;0.00714929960668087;0.009717742912471294
26;0.007126995362341404;0.009545350447297096
27;0.007133271545171738;0.009779519401490688
28;0.00710191810503602;0.009421401657164097
29;0.007082991302013397;0.009533175267279148
30;0.0070733195170760155;0.009912538342177868
31;0.007083896081894636;0.009727027267217636
32;0.007068356964737177;0.00946772750467062
33;0.007049074396491051;0.009465089067816734
34;0.007049656007438898;0.009404038079082966
35;0.007019813172519207;0.010110098868608475
36;0.007015806157141924;0.009679034352302551
37;0.007009613793343306;0.009458141401410103
38;0.006991501431912184;0.009374110959470272
39;0.006985093466937542;0.009322240948677063
40;0.0069662644527852535;0.01021837629377842
0;0.04786577448248863;0.015125777572393417
1;0.00944669358432293;0.012658946216106415
2;0.008618836291134357;0.011969220824539661
3;0.00822512712329626;0.011899804696440697
0;0.015128581784665585;0.022365255281329155
1;0.014087866060435772;0.022105129435658455
2;0.014088013209402561;0.02639026753604412
3;0.014092566445469856;0.02199677750468254
4;0.014091224409639835;0.02445213869214058
5;0.014058011583983898;0.026711275801062584
6;0.014081460423767567;0.022227350622415543
0;0.01348893716931343;0.012610909529030323
1;0.008983181789517403;0.011734156869351864
2;0.00861121341586113;0.011103938333690166
3;0.008342353627085686;0.010640978813171387
4;0.00811669509857893;0.01162296999245882
5;0.007976609282195568;0.011227891780436039
6;0.007887427695095539;0.010334556922316551
7;0.00778913451358676;0.010267756879329681
8;0.0077132475562393665;0.010373721830546856
9;0.007541083265095949;0.011072780936956406
10;0.007442337926477194;0.01001138798892498
11;0.007349813356995583;0.010486857034265995
12;0.007283694110810757;0.010315658524632454
13;0.007174075115472078;0.01013385970145464
14;0.006962861865758896;0.009762615896761417
15;0.006761496886610985;0.009352355264127254
16;0.006592761259526014;0.008783550933003426
17;0.006502343807369471;0.008413202129304409
18;0.006431957241147757;0.008772692643105984
19;0.006377257872372866;0.008455386385321617
20;0.006328690331429243;0.008281085640192032
21;0.006276607979089022;0.00820677075535059
22;0.006209800951182842;0.008821148425340652
23;0.00606863759458065;0.008496309630572796
24;0.005930464249104261;0.008201935328543186
25;0.00584399001672864;0.007789588067680597
26;0.0057407864369452;0.007982933893799782
27;0.005698041990399361;0.007858281023800373
28;0.005626420024782419;0.007945782504975796
29;0.005609526764601469;0.007674835156649351
30;0.005587142426520586;0.007689530495554209
31;0.005557058844715357;0.0075360629707574844
32;0.00553151173517108;0.007537288591265678
33;0.005500034894794226;0.0074646794237196445
34;0.005482653621584177;0.007415422238409519
35;0.005472626071423292;0.007432233076542616
36;0.005436204373836517;0.007756335195153952
37;0.00542148482054472;0.007500273175537586
38;0.00541682681068778;0.007414210122078657
39;0.005385455209761858;0.007308123633265495
40;0.005377224180847406;0.007282570004463196
41;0.005366154480725527;0.0077910819090902805
42;0.005350545048713684;0.007874175906181335
43;0.0053314510732889175;0.007605564780533314
44;0.005323241930454969;0.0072397938929498196
45;0.005312766879796982;0.007130281534045935
46;0.005308230873197317;0.007541630417108536
47;0.0053046224638819695;0.0072192722000181675
48;0.005292429123073816;0.007161239627748728
49;0.005279324948787689;0.007190806325525045
0;0.03384220227599144;0.015383042395114899
1;0.011897553689777851;0.012187146581709385
2;0.009985936805605888;0.011346178129315376
3;0.009151572361588478;0.010373001918196678
4;0.008699013851583004;0.00957526359707117
5;0.008417867124080658;0.00887717679142952
6;0.00818471610546112;0.008602715097367764
7;0.008027331903576851;0.009395869448781013
8;0.007892061024904251;0.008887852542102337
9;0.007758503779768944;0.0093696815893054
10;0.007670711260288954;0.009006679058074951
11;0.007605848368257284;0.009165139868855476
12;0.007573253940790892;0.008909870870411396
13;0.007495167665183544;0.009306222200393677
0;0.027018053457140923;0.01628662273287773
1;0.010213143192231655;0.013275058008730412
2;0.009204746223986149;0.012273053638637066
3;0.008787733502686024;0.012674381956458092
4;0.008537650108337402;0.012618865817785263
5;0.008366483263671398;0.011583094485104084
6;0.008235840126872063;0.011334370821714401
7;0.008123856037855148;0.010914365760982037
8;0.008036124520003796;0.011068561114370823
9;0.007965445518493652;0.011439047753810883
10;0.007904998026788235;0.011396233923733234
11;0.007841039448976517;0.011602244339883327
12;0.007786985021084547;0.011111127212643623
13;0.007716675754636526;0.011263356544077396
14;0.00768543966114521;0.011023699305951595
