epoch;loss;val_loss
0;0.010078911669552326;0.009228690527379513
1;0.006916315294802189;0.00901168491691351
2;0.00656769797205925;0.0083073191344738
3;0.006377712357789278;0.008201181888580322
4;0.006291348487138748;0.008796687237918377
5;0.006220602430403233;0.009150618687272072
6;0.006199604365974665;0.007784473709762096
7;0.006159445270895958;0.007822008803486824
8;0.006148141343146563;0.007661658804863691
9;0.006100199650973082;0.007310165092349052
10;0.006108253728598356;0.007370478939265013
11;0.006132784299552441;0.0072799669578671455
12;0.0061022997833788395;0.007393075618892908
13;0.006062030792236328;0.00728435255587101
14;0.0060433195903897285;0.0069941324181854725
15;0.006036182399839163;0.007332922425121069
16;0.005995170213282108;0.007302995305508375
17;0.006022972520440817;0.006901228800415993
18;0.006012462545186281;0.008288279175758362
19;0.006039088126271963;0.00747233210131526
20;0.006050529424101114;0.007639018353074789
21;0.005981067195534706;0.00889437086880207
22;0.006039148662239313;0.006970517802983522
23;0.005995580926537514;0.009223771281540394
24;0.006069984752684832;0.00712031964212656
0;0.01227634958922863;0.010085982270538807
1;0.007401695940643549;0.009114908054471016
2;0.007147524040192366;0.008750307373702526
3;0.0070441653952002525;0.008993991650640965
4;0.007029369473457336;0.009052246809005737
5;0.007014368195086718;0.010769343003630638
6;0.0070024048909544945;0.008758481591939926
7;0.006987507455050945;0.01021605171263218
8;0.006988970097154379;0.00881004799157381
9;0.007007320411503315;0.008784533478319645
0;0.013584841974079609;0.010730721056461334
1;0.007613209076225758;0.008848504163324833
2;0.007282830309122801;0.008727106265723705
3;0.007165765389800072;0.009209430776536465
4;0.007069567684084177;0.008949358016252518
5;0.007013943511992693;0.00963173620402813
6;0.006966003216803074;0.0086741391569376
7;0.0069072796031832695;0.008242067880928516
8;0.0068551902659237385;0.008514410816133022
9;0.006791872903704643;0.008973721414804459
10;0.006773726548999548;0.00831662118434906
11;0.006733081769198179;0.008363001979887486
12;0.006708941422402859;0.008692283183336258
13;0.006674555130302906;0.008056169375777245
14;0.006651008035987616;0.008471530862152576
15;0.00662299245595932;0.00839137565344572
16;0.006596571300178766;0.008074822835624218
17;0.0065791490487754345;0.008176417089998722
18;0.006577011663466692;0.008184089325368404
19;0.006549967918545008;0.008412137627601624
20;0.006508222781121731;0.008862059563398361
0;0.01384221576154232;0.015530613251030445
1;0.009675349108874798;0.011705026961863041
2;0.008654918521642685;0.01123854611068964
3;0.00826689787209034;0.010483669117093086
4;0.007998841814696789;0.010143483988940716
5;0.007799429818987846;0.009985907934606075
6;0.0075923725962638855;0.009734104387462139
7;0.007483248598873615;0.00929584912955761
8;0.007370791397988796;0.00942513532936573
9;0.007279958110302687;0.008805197663605213
10;0.007181438151746988;0.009108596481382847
11;0.007093166932463646;0.008870026096701622
12;0.00704125827178359;0.009080927819013596
13;0.00697629339993;0.00870487093925476
14;0.006915414240211248;0.008945215493440628
15;0.006893969140946865;0.008589825592935085
16;0.00683940714225173;0.008304968476295471
17;0.006807970814406872;0.008227803744375706
18;0.006757503375411034;0.008237098343670368
19;0.00675217853859067;0.008895565755665302
20;0.006714023649692535;0.008256073109805584
21;0.006678317207843065;0.008411446586251259
22;0.006640232168138027;0.008497501723468304
23;0.006631557829678059;0.008205968886613846
24;0.006602129433304071;0.00810621865093708
25;0.006574041675776243;0.008574841544032097
26;0.006559902802109718;0.008411462418735027
27;0.006534958723932505;0.007811111398041248
28;0.006508822552859783;0.007933994755148888
29;0.0065047526732087135;0.008227517828345299
30;0.006488509941846132;0.007981816306710243
31;0.006471177097409964;0.007863408885896206
32;0.006446614395827055;0.007823288440704346
33;0.006423875689506531;0.008823642507195473
34;0.006415830459445715;0.007777970749884844
35;0.006398015655577183;0.008021241053938866
36;0.0063787498511374;0.007854510098695755
37;0.006365345790982246;0.007710224948823452
38;0.006352848373353481;0.00831664353609085
39;0.006338776554912329;0.008175230585038662
40;0.006324778776615858;0.008183028548955917
41;0.0063254861161112785;0.00796966440975666
42;0.006323353387415409;0.007616531569510698
43;0.00628930889070034;0.007751831319183111
44;0.006301422603428364;0.008057582192122936
45;0.006304430775344372;0.007962643168866634
46;0.006256120279431343;0.007893252186477184
47;0.006263522896915674;0.007994970306754112
48;0.006236501503735781;0.0077493758872151375
49;0.006264267023652792;0.008053749799728394
0;0.04120144248008728;0.018803520128130913
1;0.011783065274357796;0.013360362499952316
2;0.009058666415512562;0.012848752550780773
3;0.008196581155061722;0.01026351097971201
4;0.007693050894886255;0.010061658918857574
5;0.0073421429842710495;0.009902832098305225
6;0.007094981148838997;0.00940006598830223
7;0.006873463746160269;0.009568511508405209
8;0.006736081559211016;0.009251546114683151
9;0.0066469768062233925;0.009531334973871708
10;0.006551830563694239;0.009213870391249657
11;0.006432848051190376;0.008960732258856297
12;0.00639336509630084;0.00880890991538763
13;0.006315514445304871;0.00878545269370079
14;0.006268430966883898;0.009169393219053745
15;0.0062273237854242325;0.008857387118041515
16;0.006165619939565659;0.008599505759775639
17;0.006108047906309366;0.0086415596306324
18;0.006061728112399578;0.008468382991850376
19;0.006015900056809187;0.00831100158393383
20;0.0060049016028642654;0.008686261251568794
21;0.005977603606879711;0.008300445042550564
22;0.005949073936790228;0.008230380713939667
23;0.005925516132265329;0.008669928647577763
24;0.005897077731788158;0.008197774179279804
25;0.005874686874449253;0.00822317972779274
26;0.0058647580444812775;0.008252769708633423
27;0.005875047296285629;0.008115150965750217
28;0.005828427616506815;0.008144719526171684
29;0.005805646069347858;0.008244260214269161
30;0.005783132277429104;0.008034943602979183
31;0.005781418178230524;0.00838319119066
32;0.005748415365815163;0.00807635486125946
33;0.005726159084588289;0.008362500928342342
34;0.005710217636078596;0.008210375905036926
35;0.0056831128895282745;0.007814854383468628
36;0.005661429837346077;0.007828589528799057
37;0.005657040514051914;0.007744119502604008
38;0.0056495568715035915;0.008185427635908127
39;0.005613751243799925;0.007920031435787678
40;0.005609255284070969;0.007712456863373518
41;0.005594847723841667;0.007876886986196041
42;0.005576991010457277;0.007857013493776321
43;0.005575955845415592;0.007739857770502567
44;0.005537169054150581;0.007738265674561262
45;0.005536793265491724;0.007708771154284477
46;0.005533804185688496;0.007884444668889046
47;0.005512845236808062;0.00782108400017023
48;0.005494791083037853;0.007927821017801762
49;0.005497878883033991;0.00762913329526782
0;0.012955496087670326;0.010123522020876408
1;0.007907576858997345;0.00932575948536396
2;0.007276501506567001;0.009663503617048264
3;0.006901314947754145;0.008170027285814285
4;0.006691045593470335;0.008042903617024422
5;0.006576599553227425;0.008352620527148247
6;0.006447153631597757;0.00808720663189888
7;0.006323011126369238;0.00791518297046423
8;0.0062133148312568665;0.007909765467047691
0;0.015982413664460182;0.018542639911174774
1;0.01104624941945076;0.015397867187857628
2;0.009912886656820774;0.01282471138983965
3;0.00915279146283865;0.011174622923135757
4;0.008662603795528412;0.010322192683815956
5;0.00837369542568922;0.013197624124586582
6;0.008172278292477131;0.01003317441791296
7;0.008032080717384815;0.009549779817461967
8;0.007966646924614906;0.00955718383193016
9;0.007857983000576496;0.010450286790728569
10;0.0077831638045609;0.01020703837275505
11;0.007738376501947641;0.010401498526334763
12;0.007689256686717272;0.009900829754769802
13;0.007650468498468399;0.011353801935911179
14;0.007618096191436052;0.009942714124917984
0;0.04043667018413544;0.01854824088513851
1;0.011555373668670654;0.011351209133863449
2;0.008959219790995121;0.011062891222536564
3;0.008010518737137318;0.009826328605413437
4;0.007446196861565113;0.00962960347533226
5;0.0071176826022565365;0.008787947706878185
6;0.006817714776843786;0.008459767326712608
7;0.006634879857301712;0.008196522481739521
8;0.006405537016689777;0.008806495927274227
9;0.006260227877646685;0.00819998700171709
10;0.006136322394013405;0.008101370185613632
11;0.00608268054202199;0.008439100347459316
12;0.005991426762193441;0.008369923569262028
13;0.005915527231991291;0.008246075361967087
14;0.005874709691852331;0.008119255304336548
15;0.005824723746627569;0.00789754930883646
16;0.005789394024759531;0.007841773331165314
17;0.00577158248052001;0.0077215684577822685
18;0.005723881535232067;0.007990749552845955
19;0.005705883726477623;0.007841465063393116
20;0.0056828949600458145;0.008183933794498444
21;0.005694936029613018;0.008012592792510986
22;0.005648379679769278;0.007634674198925495
23;0.0056504299864172935;0.007504104170948267
24;0.00561917619779706;0.007691641338169575
25;0.0056190756149590015;0.007519307546317577
26;0.00559738464653492;0.007995822466909885
27;0.005575036164373159;0.007478353101760149
28;0.005555946845561266;0.007576412055641413
29;0.005550282541662455;0.007477376144379377
30;0.005545282270759344;0.0076150717213749886
31;0.005513891112059355;0.007563722785562277
32;0.005523961037397385;0.00749782333150506
33;0.005510679446160793;0.00727206701412797
34;0.005488819908350706;0.007547950372099876
35;0.005463048350065947;0.007408538833260536
36;0.005481244996190071;0.007394162937998772
37;0.005461092106997967;0.007322329096496105
38;0.005447400268167257;0.007989711128175259
39;0.005455892067402601;0.007480247411876917
40;0.005433372221887112;0.007192207965999842
41;0.00541017297655344;0.007319366559386253
42;0.005389861296862364;0.007288769818842411
43;0.0054110074415802956;0.007508737035095692
44;0.005386481061577797;0.007402015384286642
45;0.005363978911191225;0.007402924820780754
46;0.005367190111428499;0.0071846116334199905
47;0.005373156163841486;0.00736594432964921
48;0.0053401971235871315;0.007555746007710695
49;0.005337713751941919;0.007664396893233061
0;0.037295300513505936;0.022121939808130264
1;0.015063948929309845;0.015170485712587833
2;0.01102566346526146;0.011011664755642414
3;0.009428875520825386;0.010658370330929756
4;0.008599266409873962;0.010515620931982994
5;0.008094334043562412;0.009761162102222443
6;0.007675771601498127;0.008705096319317818
7;0.007353627122938633;0.008160416968166828
8;0.007088352460414171;0.008099564351141453
9;0.00685630040243268;0.007840944454073906
0;0.017377102747559547;0.017137251794338226
1;0.009521332569420338;0.013351407833397388
2;0.008874944411218166;0.012040136381983757
3;0.008496001362800598;0.011891957372426987
4;0.008237715810537338;0.01176359597593546
5;0.008025463670492172;0.011613132432103157
6;0.007872877642512321;0.010750491172075272
7;0.007676179986447096;0.010206898674368858
8;0.007351505104452372;0.010105570778250694
9;0.0069239456206560135;0.009152243845164776
10;0.006680087186396122;0.00881151668727398
11;0.006525909993797541;0.009082006290555
12;0.006390784867107868;0.008576720021665096
13;0.0062914518639445305;0.008344089612364769
14;0.006228514946997166;0.008033864200115204
15;0.006188944913446903;0.00841919332742691
16;0.006141914054751396;0.00813889130949974
17;0.006108554545789957;0.008482096716761589
18;0.006065138150006533;0.008373990654945374
19;0.006049038376659155;0.00799755658954382
20;0.006014061160385609;0.008274393156170845
21;0.00599668687209487;0.008273961022496223
22;0.005967112258076668;0.007780144456773996
23;0.005962040740996599;0.007914271205663681
24;0.0059354850091040134;0.007892116904258728
25;0.005932804197072983;0.007996193133294582
26;0.005917652975767851;0.008149762637913227
27;0.005909638945013285;0.008011692203581333
28;0.0058820005506277084;0.008062286302447319
29;0.005875697825103998;0.007723218761384487
30;0.005875849165022373;0.00796140730381012
31;0.005860339384526014;0.007985075935721397
32;0.005836213938891888;0.007764122448861599
0;0.024506106972694397;0.013520553708076477
1;0.00912068784236908;0.011497782543301582
2;0.00809457153081894;0.010912020690739155
3;0.007699258625507355;0.010698446072638035
4;0.007457173429429531;0.009981945157051086
5;0.007281763479113579;0.009738313965499401
6;0.00712257344275713;0.009626477025449276
7;0.0069960663095116615;0.009433937259018421
8;0.006900417618453503;0.009401495568454266
9;0.006850640755146742;0.009033070877194405
10;0.006750608794391155;0.009091092273592949
11;0.006693490780889988;0.009012652561068535
12;0.006627765949815512;0.008911932818591595
13;0.0065715680830180645;0.00882053468376398
14;0.006499039940536022;0.008757328614592552
15;0.0064344084821641445;0.008710315451025963
16;0.006380300968885422;0.008740648627281189
17;0.006354716140776873;0.008723380975425243
18;0.006313035264611244;0.00873973872512579
19;0.0062977527268230915;0.008539651520550251
20;0.006257969886064529;0.008684312924742699
21;0.006207669619470835;0.008469956927001476
22;0.006192926317453384;0.008572310209274292
23;0.006168496794998646;0.008473053574562073
24;0.00612648343667388;0.008394867181777954
25;0.006114023271948099;0.008363894186913967
26;0.006082762498408556;0.008272864855825901
27;0.00606033718213439;0.008256476372480392
28;0.0060274736024439335;0.008260263130068779
29;0.006016311701387167;0.008190162479877472
30;0.005988174118101597;0.008454963564872742
31;0.005952736362814903;0.008220458403229713
32;0.005942308809608221;0.008327847346663475
33;0.005939816124737263;0.008206561207771301
34;0.0059159742668271065;0.008581871166825294
35;0.005908219609409571;0.008244714699685574
36;0.005898954346776009;0.008190502412617207
