epoch;loss;val_loss
0;0.02745181694626808;0.01659977436065674
1;0.011892378330230713;0.015346608124673367
2;0.009797424077987671;0.010770986787974834
3;0.008884154260158539;0.011017573066055775
4;0.008299973793327808;0.010836376808583736
5;0.007929855026304722;0.00975915975868702
6;0.007611572742462158;0.009761828929185867
7;0.007362715899944305;0.009260058403015137
8;0.00715980539098382;0.009293858893215656
9;0.007006105035543442;0.00953685212880373
10;0.006857136730104685;0.009291931986808777
11;0.00674052257090807;0.008827528916299343
12;0.006605472415685654;0.009072250686585903
13;0.006532871164381504;0.008832750841975212
14;0.006443580612540245;0.008899269625544548
15;0.00634746951982379;0.008847217075526714
16;0.006297111511230469;0.008322371169924736
17;0.006216322537511587;0.008922808803617954
18;0.0061746989376842976;0.008569993078708649
19;0.006177766248583794;0.008654081262648106
20;0.006109179928898811;0.008373487740755081
21;0.006072027608752251;0.008374321274459362
22;0.006081773899495602;0.00879601202905178
23;0.006022514309734106;0.008351393975317478
