epoch;loss;val_loss
0;0.01755325309932232;0.01581820845603943
1;0.008982116356492043;0.012697942554950714
2;0.007455635350197554;0.011358833871781826
3;0.006737963296473026;0.010495680384337902
4;0.006257009692490101;0.010173739865422249
5;0.005952434614300728;0.00967805553227663
6;0.00570646021515131;0.009724222123622894
7;0.005541389342397451;0.009348486550152302
8;0.005417610518634319;0.01033176388591528
9;0.005298614967614412;0.009215155616402626
10;0.005220931023359299;0.009422906674444675
11;0.005132642108947039;0.009186159819364548
12;0.0050855777226388454;0.009287543594837189
13;0.0050281500443816185;0.008711845614016056
14;0.0049995495937764645;0.008796014823019505
15;0.004949368070811033;0.008653858676552773
16;0.00490785576403141;0.00922059640288353
17;0.0048658656887710094;0.008662527427077293
18;0.00486386613920331;0.008833572268486023
19;0.004815701395273209;0.008536754176020622
20;0.004802053328603506;0.008380619809031487
21;0.004797812085598707;0.008445889689028263
22;0.004777572117745876;0.008304605260491371
23;0.004756820388138294;0.00860888883471489
24;0.0047485241666436195;0.008698043413460255
25;0.00472470186650753;0.008272668346762657
26;0.004688720218837261;0.008531065657734871
27;0.004686338361352682;0.008360732346773148
28;0.004673550371080637;0.008338499814271927
29;0.0046492768451571465;0.00826255977153778
30;0.004628994967788458;0.00816850271075964
31;0.004621888045221567;0.008602402172982693
32;0.004614698700606823;0.008506229147315025
33;0.004627941641956568;0.008249971084296703
34;0.0045906733721494675;0.008089527487754822
35;0.004595292266458273;0.008764473721385002
36;0.004565892741084099;0.008302277885377407
37;0.004532101098448038;0.008177348412573338
38;0.004517774563282728;0.00845622643828392
39;0.004511272069066763;0.00826714001595974
40;0.004501041956245899;0.008052736520767212
41;0.004489121492952108;0.008133777417242527
42;0.004483100958168507;0.008002709597349167
43;0.004452681168913841;0.008279758505523205
44;0.004407607484608889;0.007988269440829754
45;0.0044225356541574;0.008387124165892601
46;0.0044059730134904385;0.0079608503729105
47;0.004402392543852329;0.00793169904500246
48;0.004375677090138197;0.007893210276961327
49;0.004386805463582277;0.008036943152546883
