epoch;loss;val_loss
0;0.02199576422572136;0.019545037299394608
1;0.009662307798862457;0.016279548406600952
2;0.008140294812619686;0.01226187776774168
3;0.007136930245906115;0.010891477577388287
4;0.006466509308665991;0.009828857146203518
5;0.006118624936789274;0.009323259815573692
6;0.005882543046027422;0.009055870585143566
7;0.005711052566766739;0.008952954784035683
8;0.00555896433070302;0.008669013157486916
9;0.005486573092639446;0.00833856500685215
10;0.005403354298323393;0.00830678828060627
11;0.0053480323404073715;0.008419672027230263
12;0.00532953767105937;0.008363892324268818
13;0.005271424073725939;0.008319586515426636
14;0.005251107271760702;0.008596420288085938
15;0.0052292849868535995;0.008333479054272175
16;0.005168980918824673;0.00823079701513052
17;0.005141713190823793;0.008224057964980602
18;0.0051269857212901115;0.008509941399097443
19;0.005078866612166166;0.00818753894418478
20;0.005085412412881851;0.008076092228293419
21;0.005055882502347231;0.008260354399681091
22;0.0050231823697686195;0.00801171362400055
23;0.0049972692504525185;0.008026108145713806
24;0.004990772344172001;0.008057678118348122
25;0.0049675628542900085;0.007970807142555714
26;0.004947874695062637;0.00782272219657898
27;0.00494366092607379;0.007900884374976158
28;0.004931587725877762;0.008119496516883373
29;0.004906866233795881;0.008112522773444653
30;0.004906600806862116;0.00791824422776699
31;0.004906648304313421;0.007922903634607792
32;0.0048944177106022835;0.007832121104001999
33;0.004866741597652435;0.007851812057197094
