epoch;loss;val_loss
0;0.03874596580862999;0.018381385132670403
1;0.011571099050343037;0.011838608421385288
2;0.008662469685077667;0.011019193567335606
3;0.007871964015066624;0.010032566264271736
4;0.00738667044788599;0.009553960524499416
5;0.007081938441842794;0.009453627280890942
6;0.006854774430394173;0.009799780324101448
7;0.006656897719949484;0.008908738382160664
8;0.006443553138524294;0.00886630266904831
9;0.006350960582494736;0.008825722150504589
10;0.006218927446752787;0.008821062743663788
11;0.006141648627817631;0.008686305955052376
12;0.00604858435690403;0.008677654899656773
13;0.00598869239911437;0.008687210269272327
14;0.005918532609939575;0.008500703610479832
15;0.005835371091961861;0.00830693356692791
16;0.00581750413402915;0.008501870557665825
17;0.005772337317466736;0.008690351620316505
18;0.0057351235300302505;0.008311987854540348
19;0.005714089144021273;0.00830068625509739
20;0.005662466399371624;0.009289892390370369
21;0.005645751021802425;0.008396794088184834
22;0.005621207412332296;0.00842510350048542
23;0.005581770092248917;0.008248673751950264
24;0.0056031267158687115;0.008526132442057133
25;0.00555862532928586;0.008842763490974903
26;0.005548370070755482;0.00829505268484354
27;0.005543462000787258;0.007912812754511833
28;0.005515150260180235;0.007919314317405224
29;0.005512555129826069;0.008029153570532799
30;0.005482372362166643;0.008019611239433289
31;0.005458728410303593;0.00808336865156889
32;0.005452904384583235;0.008031763136386871
33;0.005439708940684795;0.008243327960371971
34;0.00543367862701416;0.00797257199883461
