epoch;loss;val_loss
0;0.04681256785988808;0.02049398608505726
1;0.014193559065461159;0.014629648067057133
2;0.010569162666797638;0.01229087170213461
3;0.008867348544299603;0.01149404514580965
4;0.008024643175303936;0.011647067964076996
5;0.007505260873585939;0.010303433053195477
6;0.007120107300579548;0.010301172733306885
7;0.006821734365075827;0.009960198774933815
8;0.0066603561863303185;0.00976235419511795
9;0.006516385357826948;0.009533078409731388
10;0.006417229305952787;0.009387058205902576
11;0.006321540102362633;0.009448015131056309
12;0.006225378252565861;0.009834830649197102
13;0.006170309614390135;0.009573820978403091
14;0.006106986664235592;0.009716130793094635
15;0.006057874299585819;0.00928587093949318
16;0.005997584667056799;0.008985791355371475
17;0.00598154915496707;0.009126290678977966
18;0.0059016114100813866;0.009138232097029686
19;0.005898879840970039;0.009047291241586208
20;0.005865323822945356;0.009293457493185997
21;0.005832469090819359;0.009010357782244682
22;0.005795261822640896;0.008982006460428238
23;0.005826132372021675;0.008874733932316303
24;0.00574419554322958;0.008988799527287483
25;0.005764481145888567;0.009022663347423077
26;0.0057462058030068874;0.009038341231644154
27;0.005696327891200781;0.009093464352190495
28;0.0056835501454770565;0.009598905220627785
29;0.005685669835656881;0.009131434373557568
30;0.005655716173350811;0.009099867194890976
