epoch;loss;val_loss
0;0.024291105568408966;0.016836538910865784
1;0.01193220540881157;0.01510239951312542
2;0.010176921263337135;0.01550984289497137
3;0.009206937626004219;0.01273378822952509
4;0.008556251414120197;0.011864862404763699
5;0.008074063807725906;0.011304386891424656
6;0.007709710858762264;0.011295194737613201
7;0.007406813092529774;0.011120423674583435
8;0.007149331737309694;0.010398956015706062
9;0.006956508383154869;0.010739999823272228
10;0.006798129063099623;0.010302717797458172
11;0.006686210632324219;0.010084446519613266
12;0.006602384615689516;0.00979743804782629
13;0.00652224849909544;0.009667233563959599
14;0.006420697085559368;0.009447090327739716
15;0.0063742841593921185;0.009206053800880909
16;0.006308370735496283;0.009588859975337982
17;0.006265600677579641;0.00924746785312891
18;0.006212180480360985;0.009229999966919422
19;0.006152735557407141;0.009359925054013729
20;0.006113384384661913;0.009419797919690609
21;0.006075356621295214;0.008924877271056175
22;0.00604045856744051;0.008963513188064098
23;0.005989680998027325;0.008886379189789295
24;0.0059667229652404785;0.008966295048594475
25;0.005970814730972052;0.008995166048407555
26;0.005910875741392374;0.00876530446112156
27;0.0059110126458108425;0.008894123136997223
28;0.005891622044146061;0.008859844878315926
29;0.005895831622183323;0.008915343321859837
30;0.005881969351321459;0.00883334781974554
31;0.005859241355210543;0.008698975667357445
32;0.0058161411434412;0.00869162566959858
33;0.005818348377943039;0.008742783218622208
34;0.00581293273717165;0.008825118653476238
35;0.005818704143166542;0.008792714215815067
36;0.005800181068480015;0.009001503698527813
37;0.0057868086732923985;0.008658092468976974
38;0.005757087841629982;0.00907817017287016
39;0.005743463058024645;0.008568491786718369
40;0.0057535613887012005;0.008602532558143139
41;0.005745709873735905;0.008961108513176441
42;0.005724746268242598;0.008883442729711533
43;0.005712676327675581;0.008670908398926258
44;0.005703936330974102;0.008650833740830421
45;0.0056984564289450645;0.008648625575006008
46;0.00567981181666255;0.008672788739204407
