epoch;loss;val_loss
0;0.027417240664362907;0.016166476532816887
1;0.01332419365644455;0.013870088383555412
2;0.011552219279110432;0.01271804329007864
3;0.010483412072062492;0.012180306948721409
4;0.009874670766294003;0.011482707224786282
5;0.009442749433219433;0.012383462861180305
6;0.009006323292851448;0.01056013721972704
7;0.008744636550545692;0.0110158147290349
8;0.008470321074128151;0.011416719295084476
9;0.008289369754493237;0.010043217800557613
10;0.008154304698109627;0.009895368479192257
11;0.008009516634047031;0.01017744280397892
12;0.007986271753907204;0.010251488536596298
13;0.007901760749518871;0.009694268926978111
14;0.007787908427417278;0.009783929213881493
15;0.007741385605186224;0.009784066118299961
16;0.007696120068430901;0.010884675197303295
17;0.007641751319169998;0.00962673220783472
18;0.0075369649566709995;0.009402749128639698
19;0.007522549945861101;0.009539599530398846
20;0.0074860104359686375;0.009299644269049168
21;0.007421938702464104;0.009324626997113228
22;0.00737112108618021;0.009202396497130394
23;0.007328609935939312;0.009329820051789284
24;0.007283489219844341;0.009162994101643562
25;0.00724888825789094;0.008999904617667198
26;0.0072271814569830894;0.009038358926773071
27;0.0071769761852920055;0.008919105865061283
28;0.007129647769033909;0.009369543753564358
29;0.007144896779209375;0.008990281261503696
30;0.007091101724654436;0.008951248601078987
31;0.007056882604956627;0.008709846064448357
32;0.007021547295153141;0.008741785772144794
33;0.007019589655101299;0.00869783665984869
34;0.00697695417329669;0.00866868905723095
35;0.006971196737140417;0.00911893043667078
36;0.006962460465729237;0.008807728067040443
37;0.0068926154635846615;0.009094449691474438
38;0.00691180257126689;0.009017160162329674
39;0.006878084037452936;0.008620698004961014
40;0.006855207961052656;0.008613495156168938
41;0.006863720715045929;0.0085016880184412
42;0.0068438309244811535;0.008537592366337776
43;0.006819946691393852;0.008594118990004063
44;0.006782978307455778;0.008543596602976322
45;0.006757816765457392;0.008917955681681633
46;0.006759532727301121;0.008984626270830631
47;0.006742734462022781;0.009407984092831612
48;0.006710059475153685;0.008692583069205284
