epoch;loss;val_loss
0;0.017672570422291756;0.017829546704888344
1;0.013281401246786118;0.015943152830004692
2;0.012170209549367428;0.014403021894395351
3;0.011404355056583881;0.014137659221887589
4;0.010773145593702793;0.01326755527406931
5;0.010250597260892391;0.012324598617851734
6;0.009873805567622185;0.011741779744625092
7;0.009609619155526161;0.011473502963781357
8;0.009365079924464226;0.012089412659406662
9;0.009151577949523926;0.01168054062873125
10;0.00898513849824667;0.010838750749826431
11;0.008923955261707306;0.010658898390829563
12;0.008781860582530499;0.010662049986422062
13;0.008686528541147709;0.010504661127924919
14;0.008657245896756649;0.010483934544026852
15;0.00854681245982647;0.011059504002332687
16;0.008488351479172707;0.010942949913442135
17;0.008439791388809681;0.010262791998684406
18;0.008401729166507721;0.01021451037377119
19;0.00834374688565731;0.010328018106520176
20;0.008298984728753567;0.010226737707853317
21;0.008274977095425129;0.010165143758058548
22;0.00823722779750824;0.010326576419174671
23;0.008220923133194447;0.01014178991317749
24;0.008171316236257553;0.011130323633551598
25;0.008148611523211002;0.010031076148152351
26;0.008129428140819073;0.010272023268043995
27;0.008071164600551128;0.010274037718772888
28;0.008073844946920872;0.010087670758366585
29;0.008033247664570808;0.010170336812734604
30;0.008005942218005657;0.00999880488961935
31;0.007966338656842709;0.009984317235648632
32;0.007975243031978607;0.010022196918725967
33;0.007927466183900833;0.009863261133432388
34;0.007898563519120216;0.009822960011661053
35;0.007886999286711216;0.00974572915583849
36;0.00786807294934988;0.009954183362424374
37;0.007822629064321518;0.009541455656290054
38;0.0078301802277565;0.009747300297021866
39;0.007777587976306677;0.009636971168220043
40;0.007764373440295458;0.009737629443407059
41;0.007719758898019791;0.009623696096241474
42;0.007747565396130085;0.009741824120283127
43;0.007706540636718273;0.009782403707504272
44;0.007669857703149319;0.009855927899479866
