epoch;loss;val_loss
0;0.046512603759765625;0.0705888643860817
0;0.020816519856452942;0.01844087801873684
1;0.013265945017337799;0.015992723405361176
2;0.010713312774896622;0.014306092634797096
3;0.009561446495354176;0.013626453466713428
4;0.00888398103415966;0.01309775747358799
5;0.008437834680080414;0.01385866291821003
6;0.008122489787638187;0.012404368259012699
7;0.00788771454244852;0.012319915927946568
8;0.007720735389739275;0.011750218458473682
9;0.007541059050709009;0.011409382335841656
10;0.007471086923032999;0.011845107190310955
11;0.007352511864155531;0.01113157533109188
12;0.007279701065272093;0.011361007578670979
13;0.007173046004027128;0.011130832135677338
14;0.007102626375854015;0.010950899682939053
15;0.007107902783900499;0.010673153214156628
16;0.0070131272077560425;0.010830041952431202
17;0.006998053751885891;0.010884585790336132
18;0.006981143727898598;0.011724788695573807
19;0.006898942869156599;0.01116522029042244
20;0.006888431962579489;0.011339141055941582
21;0.006877273786813021;0.010637626983225346
22;0.006829834543168545;0.01065648440271616
23;0.006811855360865593;0.011271396651864052
24;0.006823488045483828;0.01051444560289383
25;0.0067475042305886745;0.0108624417334795
26;0.006767950486391783;0.010419615544378757
27;0.006748494226485491;0.01078474335372448
28;0.006753338035196066;0.010768122971057892
29;0.0067228591069579124;0.010706651024520397
30;0.006689406465739012;0.010285699740052223
31;0.006675117649137974;0.0103298993781209
32;0.006695477291941643;0.010442942380905151
33;0.00668580224737525;0.010494189336895943
34;0.0066740806214511395;0.010419446974992752
35;0.00665300851687789;0.010265618562698364
36;0.00663588335737586;0.010719767771661282
37;0.0066257668659091;0.010235694237053394
38;0.006616597529500723;0.010465764440596104
39;0.006581651046872139;0.010332112200558186
40;0.006602119188755751;0.010204611346125603
41;0.006593355908989906;0.010224664583802223
42;0.006609083153307438;0.010538561269640923
43;0.0065555027686059475;0.010345754213631153
44;0.006566401571035385;0.010131432674825191
45;0.006560339126735926;0.01103336364030838
46;0.006557108368724585;0.01151125319302082
47;0.006553912069648504;0.010307454504072666
48;0.006535250227898359;0.0106833316385746
49;0.006497332826256752;0.01228389237076044
