epoch;loss;val_loss
0;0.013517973013222218;0.011413886211812496
1;0.009868892841041088;0.01055857352912426
2;0.009068642742931843;0.009641598910093307
3;0.008619052357971668;0.009084210731089115
4;0.008233980275690556;0.00909009762108326
5;0.007968778721988201;0.008595040999352932
6;0.0077871279790997505;0.00885637104511261
7;0.007681710179895163;0.008349336683750153
8;0.007529734633862972;0.008764897473156452
9;0.007456653751432896;0.008143617771565914
10;0.0074119893833994865;0.007915612310171127
11;0.007332146167755127;0.008215037174522877
12;0.007280921097844839;0.008478705771267414
13;0.007227423135191202;0.007940367795526981
14;0.007209451403468847;0.008000439032912254
15;0.007167784497141838;0.008212425746023655
16;0.007130994461476803;0.008025545626878738
17;0.007125637494027615;0.00813696812838316
