epoch;loss;val_loss
0;0.028939349576830864;0.02513790875673294
1;0.017753997817635536;0.022049719467759132
2;0.014219680801033974;0.01829906553030014
3;0.012257452122867107;0.01879892498254776
4;0.011027970351278782;0.014940263703465462
5;0.010290676727890968;0.014987360686063766
6;0.009778708219528198;0.014282328076660633
7;0.009371819905936718;0.0130343372002244
8;0.00912285316735506;0.012880200520157814
9;0.008894091472029686;0.012507141567766666
10;0.008764742873609066;0.012279889546334743
11;0.008587837219238281;0.012079729698598385
12;0.008523829281330109;0.011940423399209976
13;0.008441905491054058;0.012203666381537914
14;0.008265906944870949;0.011613408103585243
15;0.008288136683404446;0.012898934073746204
16;0.008254354819655418;0.01248692162334919
17;0.0081981485709548;0.011565840803086758
18;0.008124718442559242;0.014543261379003525
19;0.008053679019212723;0.013237513601779938
20;0.008057479746639729;0.012827332131564617
21;0.008021530695259571;0.011628581210970879
22;0.00799025408923626;0.01219180878251791
23;0.007942675612866879;0.012294071726500988
24;0.007936579175293446;0.011412081308662891
25;0.007879444397985935;0.01250804215669632
26;0.007852751761674881;0.011504363268613815
27;0.007839719764888287;0.01138969138264656
28;0.007850323803722858;0.012559247203171253
29;0.007790991570800543;0.011391615495085716
30;0.007754641119390726;0.0114244120195508
31;0.007753357291221619;0.013908302411437035
32;0.007749076932668686;0.013737807050347328
33;0.007707010023295879;0.011252699419856071
34;0.00771392323076725;0.01130391750484705
35;0.007724563591182232;0.012813187204301357
36;0.0076337349601089954;0.011460574343800545
37;0.0076490240171551704;0.011184661649167538
38;0.007624422200024128;0.011055766604840755
39;0.007594672963023186;0.011746888980269432
40;0.007607465144246817;0.01131453737616539
41;0.0075445109978318214;0.011373503133654594
42;0.00758984824642539;0.013677387498319149
43;0.007519488222897053;0.01125024352222681
44;0.007518217898905277;0.01104137022048235
45;0.007531541865319014;0.011035454459488392
46;0.007518348749727011;0.011407769285142422
47;0.0075083826668560505;0.011234970763325691
48;0.007470857352018356;0.011092416942119598
49;0.00745769590139389;0.011135702952742577
