epoch;loss;val_loss
0;0.031283967196941376;0.020149728283286095
1;0.016322506591677666;0.016490599140524864
2;0.013402984477579594;0.01439655665308237
3;0.011724187061190605;0.013369218446314335
4;0.0106118218973279;0.012154913507401943
5;0.009999624453485012;0.012381094507873058
6;0.009464581497013569;0.01125198882073164
7;0.009173762053251266;0.012697678990662098
8;0.008959056809544563;0.010789010673761368
9;0.008762863464653492;0.011173895560204983
10;0.00862051546573639;0.011405791155993938
11;0.008483830839395523;0.011005387641489506
12;0.008436743170022964;0.01038102526217699
13;0.008359498344361782;0.010639900341629982
14;0.008260850794613361;0.01107825431972742
15;0.008166690357029438;0.010487346909940243
16;0.008111909031867981;0.009907906875014305
17;0.008075039833784103;0.010148015804588795
18;0.008043179288506508;0.010065233334898949
19;0.008009186945855618;0.011504974216222763
20;0.007925843819975853;0.009639978408813477
21;0.007844162173569202;0.009980633854866028
22;0.007821351289749146;0.009982316754758358
23;0.007840522564947605;0.010257745161652565
24;0.007768925745040178;0.009474505670368671
25;0.007722034584730864;0.009875733405351639
26;0.0077063855715096;0.00933813489973545
27;0.007680885959416628;0.009327280335128307
28;0.007630562409758568;0.010570269078016281
29;0.007562228478491306;0.00919404998421669
30;0.007599866017699242;0.010081701911985874
31;0.007579605560749769;0.009524174965918064
32;0.007577542681246996;0.009114897809922695
33;0.007548284716904163;0.010110492818057537
34;0.0075322482734918594;0.010446492582559586
35;0.007515843026340008;0.009164329618215561
36;0.00752818351611495;0.009550150483846664
37;0.007475942838937044;0.009024270810186863
38;0.007487176917493343;0.008945687673985958
39;0.007449487689882517;0.009740496054291725
40;0.007452256977558136;0.01061346847563982
41;0.007442213129252195;0.010461374185979366
42;0.007422247901558876;0.010549181140959263
43;0.007407624274492264;0.009681166149675846
44;0.007394224870949984;0.009133104234933853
45;0.007371723186224699;0.009130309335887432
