epoch;loss;val_loss
0;0.034933965653181076;0.023725181818008423
1;0.01348899956792593;0.015523589216172695
2;0.011096530593931675;0.01409054920077324
3;0.01027201022952795;0.013971461914479733
4;0.0096929632127285;0.012163286097347736
5;0.009312578476965427;0.01279544923454523
6;0.008860984817147255;0.013121047988533974
7;0.008578559383749962;0.011073972098529339
8;0.008231613785028458;0.010793175548315048
9;0.008027979172766209;0.011228663846850395
10;0.007884024642407894;0.011515448801219463
11;0.007710844743996859;0.010288585908710957
12;0.0076393792405724525;0.011504550464451313
13;0.0075787692330777645;0.01045615691691637
14;0.0074596647173166275;0.009811218827962875
15;0.007410590071231127;0.009570460766553879
16;0.007367501966655254;0.009536892175674438
17;0.007307000458240509;0.009801511652767658
18;0.007300466764718294;0.010555830784142017
19;0.0072232577949762344;0.00971620250493288
20;0.007148375269025564;0.01001790538430214
21;0.00717135239392519;0.009904363192617893
22;0.00709022581577301;0.010254452005028725
23;0.007061703130602837;0.0107581140473485
