epoch;loss;val_loss
0;0.023164821788668633;0.01850927621126175
1;0.012496928684413433;0.01575331762433052
2;0.010754410177469254;0.013703557662665844
3;0.009855944663286209;0.013068154454231262
4;0.009279641322791576;0.012343278154730797
5;0.008942143060266972;0.012446815147995949
6;0.008648553863167763;0.011910163797438145
7;0.008407390676438808;0.012120099738240242
8;0.008273295126855373;0.01140410266816616
9;0.00815824419260025;0.011573273688554764
10;0.008065012283623219;0.011383800767362118
11;0.00797420833259821;0.011161389760673046
12;0.00791314896196127;0.010943870060145855
13;0.007845748215913773;0.010798169299960136
14;0.007792958989739418;0.010795442387461662
15;0.007781868800520897;0.01107221283018589
16;0.0076852100901305676;0.011500160209834576
17;0.007698292378336191;0.010764258913695812
18;0.0076662409119307995;0.011033851653337479
19;0.007626216858625412;0.010487486608326435
20;0.0075716739520430565;0.011322490870952606
21;0.007553999312222004;0.010463926009833813
22;0.007510828319936991;0.01090993918478489
23;0.007468231488019228;0.01051699835807085
24;0.007443608716130257;0.010423083789646626
25;0.007441488094627857;0.010371284559369087
26;0.007413080893456936;0.010784316807985306
27;0.007392027880996466;0.010491582565009594
28;0.0074054342694580555;0.011300872080028057
29;0.00733901048079133;0.010360430926084518
30;0.007358863949775696;0.010739564895629883
31;0.007323411293327808;0.010307795368134975
32;0.007309704553335905;0.010122540406882763
33;0.007279721088707447;0.010173496790230274
34;0.007262398023158312;0.010377884842455387
35;0.007201484404504299;0.010245129466056824
36;0.007178728934377432;0.010269779711961746
37;0.0071786511689424515;0.010289845988154411
38;0.007147042080760002;0.01015907246619463
39;0.00711726164445281;0.010172081179916859
