epoch;loss;val_loss
0;0.022746486589312553;0.01851760782301426
1;0.012760409153997898;0.016121881082654
2;0.011784656904637814;0.016500983387231827
3;0.011389183811843395;0.017093388363718987
4;0.011081689968705177;0.01554427295923233
5;0.010846726596355438;0.01438230648636818
6;0.010646393522620201;0.013783765025436878
7;0.010436078533530235;0.014869211241602898
8;0.010280704125761986;0.013420095667243004
9;0.01016287412494421;0.012916147708892822
10;0.010063005611300468;0.012998866848647594
11;0.00995281059294939;0.012953657656908035
12;0.009859954938292503;0.013691846281290054
13;0.009849834255874157;0.012443826533854008
14;0.00978549662977457;0.013061219826340675
15;0.00975064653903246;0.013050172477960587
16;0.009644163772463799;0.012466826476156712
17;0.009532230906188488;0.012678766623139381
18;0.00941653922200203;0.012378490529954433
19;0.009309446439146996;0.013034544885158539
20;0.009204617701470852;0.012333090417087078
21;0.009107229299843311;0.011990001425147057
22;0.008991418406367302;0.012178650125861168
23;0.008925674483180046;0.013599625788629055
24;0.008827559649944305;0.011729427613317966
25;0.008781719021499157;0.011938476003706455
26;0.008792772889137268;0.012293715961277485
27;0.0087050162255764;0.011803196743130684
28;0.008648388087749481;0.011425859294831753
29;0.008601106703281403;0.011453332379460335
30;0.008544158190488815;0.012066630646586418
31;0.0085191885009408;0.012505074962973595
32;0.008473861031234264;0.011746495962142944
33;0.008459249511361122;0.012101366184651852
34;0.008413168601691723;0.011737690307199955
35;0.008387544192373753;0.011488472111523151
