epoch;loss;val_loss
0;0.0188507791608572;0.013099978677928448
1;0.011731131933629513;0.011369370855391026
2;0.01036835741251707;0.010728591121733189
3;0.009567650966346264;0.010067113675177097
4;0.009056414477527142;0.010083848610520363
5;0.008727066218852997;0.009671082720160484
6;0.008528647013008595;0.009205236099660397
7;0.008402423933148384;0.009109890088438988
8;0.008267370983958244;0.008935070596635342
9;0.008159284479916096;0.008945113979279995
10;0.00808465015143156;0.008606335148215294
11;0.007985244505107403;0.008651891723275185
12;0.007929963059723377;0.008438646793365479
13;0.007882045581936836;0.008691276423633099
14;0.007831261493265629;0.008809837512671947
15;0.007791021838784218;0.008256467990577221
16;0.007729122880846262;0.008534236811101437
17;0.00770576624199748;0.008684069849550724
18;0.007679225876927376;0.008373723365366459
19;0.007649279199540615;0.008518560789525509
20;0.007621987722814083;0.008210837841033936
21;0.007582107093185186;0.00835971999913454
22;0.0075658224523067474;0.008262794464826584
23;0.007509053684771061;0.00825104396790266
24;0.007493624463677406;0.008266606368124485
25;0.007473519537597895;0.00855663325637579
26;0.007475730963051319;0.008486260659992695
27;0.007447951938956976;0.008149613626301289
28;0.00740823382511735;0.00824037566781044
29;0.007393553853034973;0.00843022484332323
30;0.007387319579720497;0.008116544224321842
31;0.007359355688095093;0.008283848874270916
32;0.007354355417191982;0.00849668588489294
33;0.00732520641759038;0.008286305703222752
34;0.007333841640502214;0.008313994854688644
35;0.007297859992831945;0.008088826201856136
36;0.007293370086699724;0.009113908745348454
37;0.007294884417206049;0.008108867332339287
38;0.007278838660567999;0.008221396245062351
39;0.007249060552567244;0.008852183818817139
40;0.007261990569531918;0.00811076071113348
41;0.00723133934661746;0.008421129547059536
42;0.007235560100525618;0.008861423470079899
