epoch;loss;val_loss
0;0.010851101949810982;0.012430175207555294
1;0.008476058021187782;0.010543887503445148
2;0.00797919649630785;0.010394485667347908
3;0.007733507547527552;0.010690783150494099
4;0.007687061093747616;0.011353600770235062
5;0.0075470455922186375;0.011419733986258507
6;0.007526886183768511;0.009966093115508556
7;0.007452242076396942;0.010056844912469387
8;0.007437076885253191;0.011641280725598335
9;0.007407861761748791;0.00965306255966425
10;0.007306188344955444;0.01067463681101799
11;0.007345237303525209;0.00971348024904728
12;0.007338478695601225;0.009973529726266861
13;0.007304901257157326;0.011443005874752998
14;0.00732628908008337;0.010333693586289883
15;0.007261405233293772;0.009665246121585369
16;0.007294169161468744;0.0097614461556077
