epoch;loss;val_loss
0;0.010622012428939342;0.008769945241510868
1;0.00689117843285203;0.00902269035577774
2;0.006141594145447016;0.007612607907503843
3;0.005887409672141075;0.00801251083612442
4;0.005406829062849283;0.006811021827161312
5;0.004936299752444029;0.006465628743171692
6;0.004762663971632719;0.006034028250724077
7;0.00473445001989603;0.006710346322506666
8;0.004660352133214474;0.006351260002702475
0;0.00646240683272481;0.006850909907370806
1;0.0046537634916603565;0.008271250873804092
2;0.004442754667252302;0.005508283618837595
3;0.004375800024718046;0.006971129681915045
4;0.004339200910180807;0.00538769643753767
5;0.004350069910287857;0.005836242809891701
6;0.0042653740383684635;0.006880521774291992
7;0.004277716390788555;0.005468219518661499
8;0.004237459506839514;0.006279258988797665
9;0.004209765698760748;0.006043199449777603
10;0.00418940419331193;0.005783677101135254
11;0.004186686128377914;0.005778682883828878
0;0.01266200840473175;0.012209908105432987
1;0.008077194914221764;0.01083827018737793
2;0.007575023919343948;0.008879248984158039
3;0.007084591314196587;0.009981994517147541
4;0.006911063101142645;0.008783581666648388
5;0.006724011152982712;0.008487424813210964
6;0.006739490665495396;0.010540339164435863
7;0.006673203781247139;0.008269822224974632
8;0.006543940864503384;0.008586237207055092
9;0.0065107946284115314;0.008433063514530659
10;0.006523942109197378;0.008449027314782143
11;0.006500869523733854;0.007933416403830051
12;0.006506242323666811;0.008139877580106258
13;0.006469950079917908;0.008669043891131878
14;0.006487614009529352;0.00832317303866148
15;0.006416793446987867;0.008131759241223335
16;0.006334491074085236;0.008156388066709042
17;0.006406217347830534;0.009178065694868565
18;0.006439480930566788;0.009033064357936382
