epoch;loss;val_loss
0;0.00843277107924223;0.006169580388814211
1;0.004941002000123262;0.005327792838215828
2;0.004627024754881859;0.0054424055851995945
3;0.004529397003352642;0.0054665603674948215
4;0.00449853902682662;0.005464282818138599
5;0.0044217295944690704;0.00719970278441906
6;0.0043792081996798515;0.005365908611565828
7;0.004374808631837368;0.007519388105720282
8;0.004360681865364313;0.005545803811401129
0;0.012698954902589321;0.009600944817066193
1;0.008550211787223816;0.010588077828288078
2;0.00804943684488535;0.009964238852262497
3;0.00791582278907299;0.00904773361980915
4;0.007839708589017391;0.010851411148905754
5;0.007754870690405369;0.009420949034392834
6;0.007664046715945005;0.009405042044818401
7;0.007616681512445211;0.009015900082886219
8;0.007660869043320417;0.008918805979192257
9;0.007572517730295658;0.010140526108443737
10;0.00763644790276885;0.009717769920825958
11;0.0075676459819078445;0.009692772291600704
12;0.007550669368356466;0.009030339308083057
13;0.0075322650372982025;0.010028534568846226
14;0.007552394177764654;0.013460863381624222
15;0.007520390674471855;0.009347036480903625
