epoch;loss;val_loss
0;0.013378012925386429;0.017198294401168823
1;0.011470931582152843;0.016661737114191055
2;0.010938231833279133;0.01613219454884529
3;0.010667001828551292;0.016175486147403717
4;0.01039248425513506;0.013452919200062752
5;0.010195082984864712;0.014271515421569347
6;0.010107651352882385;0.01885046996176243
7;0.01005526352673769;0.015282947570085526
8;0.009949462488293648;0.013261054642498493
9;0.010020501911640167;0.013411584310233593
10;0.009966345503926277;0.01380456704646349
11;0.009944775141775608;0.013662686571478844
12;0.009901021607220173;0.0144798057153821
13;0.009931945241987705;0.015514603815972805
14;0.009940097108483315;0.013262282125651836
15;0.009889992885291576;0.013064718805253506
16;0.009871638379991055;0.01541590504348278
17;0.009862651117146015;0.015247421339154243
18;0.009879975579679012;0.013505561277270317
19;0.009895535185933113;0.014745747670531273
20;0.009930968284606934;0.014189072884619236
21;0.009836260229349136;0.014471376314759254
22;0.009893522597849369;0.014180782251060009
0;0.016777703538537025;0.028743801638484
1;0.016578631475567818;0.026640579104423523
2;0.016570979729294777;0.027780694887042046
3;0.01655479706823826;0.03113408014178276
4;0.016569146886467934;0.026906993240118027
5;0.01656445860862732;0.024688754230737686
6;0.01657199300825596;0.029545225203037262
7;0.016561556607484818;0.027820684015750885
8;0.016584675759077072;0.029105057939887047
9;0.016571346670389175;0.024061845615506172
10;0.016589442268013954;0.027163011953234673
11;0.01658119447529316;0.028213175013661385
12;0.016595441848039627;0.02873481810092926
13;0.016581589356064796;0.029974548146128654
14;0.01659495010972023;0.030682358890771866
15;0.01655593328177929;0.025561900809407234
16;0.016567185521125793;0.027975983917713165
0;0.019802276045084;0.02553453855216503
1;0.016623351722955704;0.026134056970477104
2;0.016584917902946472;0.02995443344116211
3;0.01662038266658783;0.028710851445794106
4;0.016604403033852577;0.02546560764312744
5;0.016634412109851837;0.025207385420799255
6;0.01661941595375538;0.025637060403823853
7;0.01662471704185009;0.024971192702651024
8;0.016606951132416725;0.02689126506447792
9;0.016612743958830833;0.027006568387150764
10;0.016570957377552986;0.028937824070453644
11;0.016629477962851524;0.02519112452864647
12;0.016597794368863106;0.03182297572493553
13;0.016595130786299706;0.028722846880555153
14;0.016598226502537727;0.0278088990598917
