epoch;loss;val_loss
0;3.801971197128296;3.389383554458618
1;3.5384392738342285;3.126110315322876
2;3.2751305103302;2.8627657890319824
0;1.205491065979004;0.5068062543869019
1;0.3511137366294861;0.34784629940986633
2;0.2689597010612488;0.3181564509868622
3;0.2503880560398102;0.30199775099754333
4;0.24196895956993103;0.29483479261398315
5;0.2359381467103958;0.2886905372142792
6;0.23197877407073975;0.29366692900657654
7;0.22893653810024261;0.29444071650505066
8;0.22664467990398407;0.27218863368034363
9;0.22425882518291473;0.27033746242523193
10;0.2225578874349594;0.26384931802749634
11;0.22082103788852692;0.2580728530883789
12;0.219528466463089;0.2666138708591461
13;0.21839286386966705;0.26386651396751404
14;0.2174624651670456;0.255456805229187
15;0.21679773926734924;0.27096128463745117
16;0.2158859372138977;0.2659369707107544
17;0.21509459614753723;0.2593502700328827
18;0.21469275653362274;0.26570752263069153
19;0.214007169008255;0.2506456971168518
20;0.21358966827392578;0.25360071659088135
21;0.21290339529514313;0.24810290336608887
22;0.21254567801952362;0.24901819229125977
23;0.21228399872779846;0.2523118257522583
24;0.2121223360300064;0.2504958212375641
25;0.21147173643112183;0.2550358474254608
26;0.21144138276576996;0.2501360774040222
27;0.2110850065946579;0.27040964365005493
28;0.21068672835826874;0.24448156356811523
29;0.21063069999217987;0.2514951825141907
30;0.21019576489925385;0.24868831038475037
31;0.2100469470024109;0.24637645483016968
32;0.20983092486858368;0.25118088722229004
33;0.20944517850875854;0.26423224806785583
34;0.20968355238437653;0.24923981726169586
35;0.20941808819770813;0.24793535470962524
