epoch;loss;val_loss
0;0.007405400741845369;0.008254236541688442
1;0.005410854704678059;0.0073972437530756
2;0.005205163732171059;0.007086378522217274
3;0.005057187285274267;0.006750781089067459
4;0.005044031888246536;0.006734631955623627
5;0.005016839597374201;0.006480923388153315
6;0.004998547025024891;0.0067943730391561985
7;0.004969997797161341;0.006992141250520945
8;0.004984995815902948;0.007282845210283995
9;0.004925105720758438;0.008714163675904274
10;0.004978969227522612;0.007128873839974403
11;0.005001294892281294;0.007554434705525637
12;0.004907708615064621;0.00653466721996665
