epoch;loss;val_loss
0;0.009699593298137188;0.012226092629134655
1;0.008175362832844257;0.015308898873627186
2;0.007872749119997025;0.011871310882270336
3;0.00770454341545701;0.011417635716497898
4;0.007548591122031212;0.011005410924553871
5;0.007389742415398359;0.012754897587001324
6;0.007179634645581245;0.010946976952254772
7;0.007050424348562956;0.009732416830956936
8;0.007003996055573225;0.010108311660587788
9;0.006912762764841318;0.009868712164461613
10;0.006906889844685793;0.01126475166529417
11;0.006786220241338015;0.009537503123283386
12;0.0068565839901566505;0.011263683438301086
13;0.006720685865730047;0.009644088335335255
14;0.0067601935006678104;0.00978147890418768
15;0.006733333226293325;0.009961780160665512
16;0.006677811034023762;0.009628704749047756
17;0.006667100824415684;0.010590491816401482
18;0.006687410641461611;0.00968922022730112
