epoch;loss;val_loss
0;0.010555675253272057;0.015745455399155617
1;0.00803063903003931;0.010001461021602154
2;0.007652767933905125;0.00941453780978918
3;0.007404529023915529;0.009368854574859142
4;0.0073980242013931274;0.010221167467534542
5;0.007288827560842037;0.009885689243674278
6;0.007222587708383799;0.00970383919775486
7;0.007083629257977009;0.009272709488868713
8;0.007066741585731506;0.00955295842140913
9;0.007055801805108786;0.008879152126610279
10;0.006984275300055742;0.008340754546225071
11;0.006875677965581417;0.013304250314831734
12;0.006916522979736328;0.009504573419690132
13;0.0068071940913796425;0.008514574728906155
14;0.006788658909499645;0.009627408348023891
15;0.006776598282158375;0.009263086132705212
16;0.006756081711500883;0.010253209620714188
17;0.006730725523084402;0.008950977586209774
