epoch;loss;val_loss
0;0.021187325939536095;0.011637364514172077
1;0.007406240329146385;0.009825284592807293
2;0.00659161014482379;0.00967111624777317
3;0.00623004324734211;0.009350133128464222
4;0.00600898964330554;0.008143618702888489
5;0.005808494985103607;0.008069231174886227
6;0.005680358037352562;0.007460272870957851
7;0.005574642214924097;0.007208266295492649
8;0.005496216006577015;0.00709605822339654
9;0.005445396527647972;0.007122845388948917
10;0.005399361718446016;0.006933616008609533
11;0.005352470092475414;0.00709771690890193
12;0.005291082430630922;0.0069783274084329605
13;0.005272087175399065;0.007604742422699928
14;0.005248203873634338;0.007126549258828163
15;0.005214171018451452;0.007170684169977903
16;0.0052049425430595875;0.00712700467556715
17;0.0051757837645709515;0.006760195828974247
18;0.005166520830243826;0.006779521703720093
19;0.005149657838046551;0.00725301681086421
20;0.005119893234223127;0.0070937396958470345
21;0.005120306275784969;0.007267769891768694
22;0.005106762982904911;0.007293595466762781
23;0.005102094728499651;0.007059789728373289
24;0.005089962854981422;0.007915543392300606
0;0.02205735631287098;0.017642639577388763
1;0.009079713374376297;0.011796975508332253
2;0.007657784037292004;0.011709281243383884
3;0.007107752840965986;0.011536652222275734
4;0.006721991114318371;0.010722026228904724
5;0.006519096903502941;0.010416154749691486
6;0.006367600988596678;0.010154567658901215
7;0.0061746989376842976;0.010638843290507793
8;0.005979946814477444;0.009801477193832397
9;0.005802071653306484;0.00881755631417036
10;0.005563667044043541;0.00875909999012947
11;0.005355956964194775;0.008434111252427101
12;0.005207808688282967;0.008192233741283417
13;0.005132096353918314;0.008074701763689518
14;0.005050553474575281;0.007914732210338116
15;0.0049949218519032;0.008036033250391483
16;0.004954874515533447;0.007795785088092089
17;0.004878562409430742;0.00799211859703064
18;0.00483863428235054;0.007718908600509167
19;0.004781770054250956;0.007616317365318537
20;0.004722902085632086;0.007596527226269245
21;0.004689596593379974;0.007263577077537775
22;0.004651955328881741;0.007092096842825413
23;0.004625202622264624;0.006933262571692467
24;0.004594425670802593;0.007465990260243416
25;0.004595266189426184;0.007829377427697182
0;0.016590768471360207;0.016737649217247963
1;0.009814196266233921;0.016412969678640366
2;0.009462624788284302;0.013835611753165722
3;0.009302384220063686;0.01570737361907959
4;0.00925202202051878;0.014773186296224594
5;0.00916261039674282;0.01374840922653675
6;0.009075256064534187;0.013209367170929909
7;0.009038890711963177;0.012665925547480583
8;0.008979452773928642;0.013986945152282715
9;0.009016350843012333;0.023196304216980934
10;0.009042400866746902;0.014198314398527145
11;0.008961060084402561;0.012802356854081154
12;0.009074478410184383;0.013625016435980797
13;0.009009530767798424;0.013730913400650024
14;0.008979303762316704;0.012585505843162537
15;0.009022996760904789;0.016044089570641518
16;0.009029298089444637;0.014306791126728058
17;0.008961710147559643;0.012414354830980301
18;0.008895570412278175;0.012564605101943016
19;0.008907073177397251;0.013523973524570465
20;0.008802824653685093;0.013322186656296253
21;0.008889013901352882;0.014380759559571743
22;0.008867800235748291;0.012970139272511005
23;0.008886624127626419;0.014573605731129646
24;0.008946401067078114;0.017361054196953773
0;0.014102639630436897;0.01766449585556984
1;0.011623921804130077;0.019800890237092972
2;0.011097253300249577;0.01622515171766281
3;0.01071405503898859;0.019229954108595848
4;0.01043727993965149;0.01646544598042965
5;0.01010109856724739;0.016197532415390015
6;0.009824140928685665;0.01427101343870163
7;0.009511491283774376;0.014318453148007393
8;0.009412187151610851;0.013316054828464985
9;0.009172947145998478;0.01674310863018036
10;0.009164554998278618;0.013030678033828735
11;0.009121592156589031;0.012538655661046505
12;0.00908310804516077;0.016189420595765114
13;0.00897258147597313;0.014948410913348198
14;0.008993511088192463;0.01281870435923338
15;0.009042546153068542;0.014114679768681526
16;0.008920413441956043;0.013204691931605339
17;0.008891137316823006;0.012912841513752937
18;0.008915849030017853;0.012974857352674007
