epoch;loss;val_loss
0;0.514151394367218;0.4902263581752777
1;0.3643822968006134;0.44721657037734985
2;0.3364086151123047;0.4173053801059723
3;0.32014229893684387;0.3917468190193176
4;0.3067258298397064;0.39819538593292236
5;0.29566365480422974;0.3748759627342224
6;0.2849213778972626;0.3509991765022278
7;0.27496472001075745;0.34303969144821167
8;0.26603934168815613;0.3269440531730652
9;0.2590973973274231;0.33220621943473816
10;0.2530114948749542;0.3184707760810852
11;0.2492414116859436;0.32208436727523804
12;0.24577419459819794;0.321005642414093
13;0.24342601001262665;0.3056354522705078
14;0.24113552272319794;0.30425456166267395
15;0.23922954499721527;0.30859488248825073
16;0.23777474462985992;0.30280086398124695
17;0.23657861351966858;0.3072754740715027
18;0.23519371449947357;0.28629210591316223
19;0.23409603536128998;0.3030417263507843
20;0.23306399583816528;0.2898414433002472
21;0.2319680005311966;0.29681089520454407
22;0.2310989648103714;0.30295637249946594
23;0.22987094521522522;0.2997403144836426
24;0.2295529693365097;0.29399412870407104
25;0.22881391644477844;0.2875479459762573
