epoch;loss;val_loss
0;0.9680765271186829;0.353447824716568
1;0.2809636890888214;0.34584131836891174
2;0.2660268545150757;0.2991580367088318
3;0.26070159673690796;0.3003293573856354
4;0.25747427344322205;0.3266927897930145
5;0.2550448775291443;0.3195028305053711
6;0.254196435213089;0.3344022333621979
7;0.2529630959033966;0.28986871242523193
8;0.25197601318359375;0.2962948977947235
9;0.25139540433883667;0.28968164324760437
10;0.24902957677841187;0.30536922812461853
11;0.24763713777065277;0.28031647205352783
12;0.2468367964029312;0.29499316215515137
13;0.24598966538906097;0.2970886826515198
14;0.24550803005695343;0.2947344183921814
15;0.24476079642772675;0.2783845067024231
16;0.24464097619056702;0.2798721492290497
17;0.24376045167446136;0.28701335191726685
18;0.24416105449199677;0.2844097316265106
19;0.24439740180969238;0.2784148156642914
20;0.24315352737903595;0.27649441361427307
21;0.243759423494339;0.28459227085113525
22;0.2430589199066162;0.29367056488990784
23;0.2425059825181961;0.2780371606349945
24;0.2430788278579712;0.2793582081794739
25;0.24268187582492828;0.2819318175315857
26;0.24262309074401855;0.275027871131897
27;0.24274808168411255;0.2826451361179352
28;0.24239063262939453;0.28608304262161255
29;0.24250246584415436;0.2749941945075989
30;0.24260783195495605;0.2824311852455139
31;0.242279514670372;0.2873094379901886
32;0.24214079976081848;0.281875878572464
33;0.24197235703468323;0.27175942063331604
34;0.2424170821905136;0.29845064878463745
0;3.29587984085083;2.1879584789276123
1;2.184011220932007;1.1218312978744507
2;1.1307308673858643;0.2038978785276413
3;0.5646737217903137;0.3195910155773163
4;0.4968380033969879;0.47130221128463745
