epoch;loss;val_loss
0;0.014189040288329124;0.014225219376385212
1;0.009130244143307209;0.013209600001573563
2;0.008551820181310177;0.012544672936201096
3;0.008294587023556232;0.014416279271245003
4;0.008021215908229351;0.012075874954462051
5;0.008106342516839504;0.013750998303294182
6;0.007959430105984211;0.011845727451145649
7;0.007934886030852795;0.012127896770834923
8;0.007962910458445549;0.013004976324737072
9;0.007978228852152824;0.011354481801390648
10;0.007837914861738682;0.014366799034178257
11;0.007879876531660557;0.012539960443973541
12;0.007870242930948734;0.01248501893132925
13;0.007815771736204624;0.011554996483027935
14;0.007888189516961575;0.017118146643042564
15;0.007835092954337597;0.012323778122663498
16;0.007881789468228817;0.014085096307098866
