epoch;loss;val_loss
0;0.3484700918197632;0.28342992067337036
1;0.24913464486598969;0.2384825348854065
2;0.22638492286205292;0.22053620219230652
0;0.3495456874370575;0.3192671239376068
1;0.2685903012752533;0.2707572281360626
2;0.25043514370918274;0.3098680078983307
3;0.2400023490190506;0.23294559121131897
4;0.23073354363441467;0.25790995359420776
5;0.2258918583393097;0.2925260066986084
6;0.22321321070194244;0.216496080160141
7;0.21910610795021057;0.21088868379592896
8;0.21903972327709198;0.21645823121070862
9;0.21607093513011932;0.22579987347126007
10;0.2157154232263565;0.23748323321342468
11;0.21211469173431396;0.21121884882450104
12;0.21015697717666626;0.23867321014404297
13;0.20866157114505768;0.205642431974411
14;0.2060970515012741;0.2261190414428711
15;0.20616203546524048;0.20363368093967438
16;0.20477811992168427;0.21594306826591492
17;0.20300275087356567;0.2452818602323532
18;0.203313410282135;0.2164919227361679
19;0.20359864830970764;0.20527474582195282
20;0.20237953960895538;0.22436922788619995
21;0.20095016062259674;0.22098802030086517
22;0.20010486245155334;0.20897653698921204
0;0.385680615901947;0.3243022859096527
1;0.30465978384017944;0.31330424547195435
2;0.29018664360046387;0.29297900199890137
3;0.282970666885376;0.3925513029098511
4;0.27629798650741577;0.3115154206752777
5;0.26553189754486084;0.27120473980903625
6;0.25674015283584595;0.3015129566192627
7;0.251366525888443;0.3087819516658783
8;0.24947866797447205;0.30818015336990356
9;0.24656787514686584;0.2527671456336975
10;0.24497972428798676;0.27453893423080444
11;0.2439366728067398;0.24455727636814117
12;0.24223849177360535;0.2517516613006592
13;0.2428557276725769;0.289877712726593
14;0.2413622885942459;0.2380198985338211
15;0.24283994734287262;0.27026307582855225
16;0.24266895651817322;0.2627466320991516
17;0.24019429087638855;0.24397216737270355
18;0.2395734190940857;0.266427218914032
19;0.238948792219162;0.35588622093200684
20;0.23878951370716095;0.269534707069397
21;0.23719190061092377;0.2497931569814682
0;0.4456058740615845;0.46113359928131104
1;0.32353854179382324;0.40832218527793884
2;0.2999327778816223;0.3460793197154999
3;0.28464025259017944;0.28671491146087646
4;0.2711859941482544;0.29838791489601135
5;0.26202571392059326;0.29781654477119446
6;0.2559208273887634;0.28080594539642334
7;0.25228849053382874;0.30293864011764526
8;0.24930617213249207;0.2687872648239136
9;0.24743472039699554;0.2624911665916443
10;0.2443668693304062;0.2650940418243408
11;0.24224542081356049;0.2749645709991455
12;0.24263876676559448;0.2450079619884491
13;0.2407648116350174;0.2599790692329407
14;0.2402350753545761;0.2536262273788452
15;0.24013559520244598;0.25243157148361206
16;0.23952119052410126;0.2473282814025879
17;0.23967863619327545;0.2920265793800354
18;0.23962800204753876;0.2658928334712982
19;0.23572485148906708;0.25213977694511414
0;0.4199616611003876;0.34032607078552246
1;0.30536317825317383;0.3478599488735199
2;0.27841293811798096;0.2948043942451477
3;0.2691342234611511;0.28453564643859863
4;0.2635655701160431;0.27091336250305176
5;0.2578904926776886;0.31443408131599426
6;0.25275909900665283;0.2661426067352295
7;0.2500910460948944;0.29740533232688904
8;0.24763783812522888;0.26006385684013367
9;0.24322345852851868;0.2580329477787018
10;0.2419239580631256;0.2495761662721634
11;0.23976196348667145;0.3130112588405609
12;0.23829534649848938;0.3082551956176758
13;0.2372097373008728;0.25683438777923584
14;0.2354971319437027;0.30322882533073425
15;0.2351861447095871;0.24018652737140656
16;0.23410584032535553;0.288295179605484
17;0.23423774540424347;0.2713254690170288
18;0.23372521996498108;0.23386088013648987
19;0.23334529995918274;0.24810220301151276
20;0.2318379133939743;0.2657995820045471
21;0.2317013442516327;0.27233272790908813
22;0.23158790171146393;0.24533747136592865
23;0.23135966062545776;0.22875387966632843
24;0.23121273517608643;0.232297882437706
25;0.2303624302148819;0.27657657861709595
26;0.22808609902858734;0.2666178047657013
27;0.228332057595253;0.23507486283779144
28;0.22880390286445618;0.24835629761219025
29;0.2286740243434906;0.2530704438686371
30;0.22786037623882294;0.2713245749473572
0;0.42846688628196716;0.5717117190361023
1;0.3370389938354492;0.3665078580379486
2;0.3093452751636505;0.3602137863636017
3;0.29558899998664856;0.3761831521987915
4;0.2882165014743805;0.30873745679855347
5;0.2802649438381195;0.33470433950424194
6;0.2760190963745117;0.36446234583854675
7;0.2731166481971741;0.3473914563655853
8;0.2718730866909027;0.30841538310050964
9;0.26804041862487793;0.32852795720100403
10;0.26735737919807434;0.306927353143692
11;0.26686206459999084;0.3167152404785156
12;0.26472410559654236;0.3309766948223114
13;0.2642483711242676;0.33103469014167786
14;0.2627711892127991;0.30089861154556274
15;0.26269659399986267;0.3104538321495056
16;0.26089197397232056;0.3118440806865692
17;0.25943028926849365;0.32420969009399414
