epoch;loss;val_loss
0;0.01174031849950552;0.01225519273430109
1;0.008651314303278923;0.009987708181142807
2;0.007852078415453434;0.010857977904379368
3;0.007555784657597542;0.009640952572226524
4;0.007427019067108631;0.009291477501392365
5;0.007242295891046524;0.010273405350744724
6;0.007150870282202959;0.009466038085520267
7;0.0070845698937773705;0.009326711297035217
8;0.007113972678780556;0.009985744021832943
9;0.007038193754851818;0.008756258524954319
10;0.007006184197962284;0.009167971089482307
11;0.006949316244572401;0.009139164350926876
12;0.006929345428943634;0.00919865258038044
13;0.007000077050179243;0.00927771721035242
14;0.006923152599483728;0.009958043694496155
15;0.006895334459841251;0.009157480672001839
16;0.006922045256942511;0.008675980381667614
17;0.006809784099459648;0.00946648046374321
18;0.006928677670657635;0.00904169213026762
19;0.006800355855375528;0.009357812814414501
20;0.006777390372008085;0.011514253914356232
21;0.006837013177573681;0.009158655069768429
22;0.0068172430619597435;0.009793979115784168
23;0.006862318143248558;0.00956584233790636
0;0.01702789217233658;0.026782607659697533
1;0.01660759188234806;0.02810303494334221
2;0.016609257087111473;0.026579000055789948
3;0.016634302213788033;0.026863431558012962
4;0.016620393842458725;0.03034130483865738
5;0.016594432294368744;0.02763400599360466
6;0.016627028584480286;0.026052871719002724
7;0.016576645895838737;0.02781856432557106
8;0.016652502119541168;0.02993086725473404
9;0.01659795083105564;0.029918652027845383
10;0.016607455909252167;0.02544574625790119
11;0.01658623479306698;0.027644097805023193
12;0.016639119014143944;0.028416357934474945
13;0.016614072024822235;0.027577564120292664
14;0.016609452664852142;0.029155422002077103
15;0.01660286821424961;0.025652823969721794
16;0.016578763723373413;0.027239352464675903
17;0.016601676121354103;0.023315850645303726
18;0.01662318967282772;0.027590636163949966
19;0.016580168157815933;0.030157005414366722
20;0.016606086865067482;0.030447646975517273
21;0.01665458269417286;0.025623809546232224
22;0.016615040600299835;0.027935689315199852
23;0.016628043726086617;0.02591853216290474
24;0.016587546095252037;0.022123245522379875
25;0.01659526489675045;0.03129575774073601
26;0.01660444214940071;0.023004353046417236
27;0.016596727073192596;0.027821648865938187
28;0.016601527109742165;0.024707632139325142
29;0.016541294753551483;0.025953300297260284
30;0.016593970358371735;0.021882198750972748
31;0.016615893691778183;0.028817540034651756
32;0.01665479876101017;0.02578510157763958
33;0.01660372130572796;0.026158299297094345
34;0.016602760180830956;0.026297295466065407
35;0.016633395105600357;0.02507932111620903
36;0.016602806746959686;0.027314357459545135
37;0.0166140366345644;0.027620600536465645
0;0.011214194819331169;0.013519889675080776
1;0.009793434292078018;0.013042712584137917
2;0.009501065127551556;0.012401431798934937
3;0.00932917557656765;0.013699584640562534
4;0.009259464219212532;0.013633263297379017
5;0.009158617816865444;0.011913251131772995
6;0.00915366318076849;0.01361485943198204
7;0.009037304669618607;0.012563145719468594
8;0.00907311961054802;0.012051520869135857
9;0.00895253848284483;0.013084451667964458
10;0.008841928094625473;0.011665035970509052
11;0.008825802244246006;0.011987651698291302
12;0.008856737986207008;0.01357253361493349
13;0.008748485706746578;0.012042094953358173
14;0.008800702169537544;0.01206190139055252
15;0.008736754767596722;0.011685154400765896
16;0.00874208752065897;0.011304008774459362
17;0.008552501909434795;0.011017292737960815
18;0.00840351264923811;0.013092639856040478
19;0.008399221114814281;0.010786027647554874
20;0.008286358788609505;0.01137085072696209
21;0.008285010233521461;0.012380790896713734
22;0.008235661312937737;0.010501417331397533
23;0.008166130632162094;0.012562906369566917
24;0.008075880818068981;0.011449654586613178
25;0.00813685916364193;0.01024023350328207
26;0.008044132962822914;0.012553730979561806
27;0.008003856055438519;0.010054584592580795
28;0.00795655231922865;0.010868393816053867
29;0.007945384830236435;0.012177148833870888
30;0.00797664187848568;0.010306080803275108
31;0.007898234762251377;0.010033981874585152
32;0.007865563035011292;0.010775008238852024
33;0.00786985456943512;0.011814523488283157
34;0.007805733475834131;0.012614373117685318
35;0.007795787416398525;0.009698959067463875
36;0.007782926317304373;0.010377553291618824
37;0.007786319125443697;0.014985860325396061
38;0.007673010695725679;0.01156306080520153
39;0.007707784418016672;0.009940151125192642
40;0.007671591360121965;0.01069765817373991
41;0.007636554539203644;0.010971139185130596
42;0.007615868002176285;0.010117488913238049
