epoch;loss;val_loss
0;0.008670161478221416;0.007417743559926748
1;0.005316273309290409;0.006196761038154364
2;0.004922990687191486;0.007385945878922939
3;0.0044579957611858845;0.005879266187548637
4;0.004288108088076115;0.005706219468265772
5;0.004224235657602549;0.00518184807151556
6;0.0041861278004944324;0.005426809191703796
7;0.00411501107737422;0.00593952601775527
8;0.004115074407309294;0.00510778371244669
9;0.0040304395370185375;0.0048704505898058414
10;0.004037345293909311;0.004812781699001789
11;0.004073756281286478;0.004746072459965944
12;0.004032275173813105;0.005953920539468527
13;0.0040129367262125015;0.004921151790767908
14;0.00402308302000165;0.007471675053238869
15;0.003976751118898392;0.004792945459485054
16;0.0039637829177081585;0.004616312682628632
17;0.003999520093202591;0.004831882659345865
18;0.003992258105427027;0.0049163163639605045
19;0.003991279751062393;0.004815344233065844
20;0.003993274178355932;0.00497447419911623
21;0.003981544636189938;0.0046486328355968
22;0.0039850641041994095;0.00474765058606863
23;0.003957720939069986;0.005010832566767931
0;0.00932595320045948;0.0057287090457975864
1;0.004790525417774916;0.005546386819332838
2;0.004466432146728039;0.005807365290820599
3;0.004340638406574726;0.00557512603700161
4;0.004282777197659016;0.005644266027957201
5;0.004185661673545837;0.005124833434820175
6;0.004175238776952028;0.005379395093768835
7;0.00415803212672472;0.005692900158464909
8;0.004133887588977814;0.007410848513245583
9;0.004138450138270855;0.004936218727380037
10;0.004111421760171652;0.0054488577879965305
11;0.004111661110073328;0.005434043239802122
12;0.00410415418446064;0.005309209227561951
13;0.0040879761800169945;0.006867130286991596
14;0.004118434153497219;0.00501429894939065
15;0.004119703080505133;0.006164767313748598
16;0.0041378871537745;0.005284837447106838
0;0.011939218267798424;0.013755123130977154
1;0.008687499910593033;0.011612645350396633
2;0.008304734714329243;0.0091593898832798
3;0.008140954189002514;0.010160781443119049
4;0.008008473552763462;0.01054613757878542
5;0.007858027704060078;0.009484310634434223
6;0.007899411022663116;0.010964586399495602
7;0.007757354062050581;0.009021120145916939
8;0.007595183327794075;0.009150177240371704
9;0.007534928619861603;0.011167449876666069
10;0.0075905160047113895;0.00975292269140482
11;0.007501176558434963;0.010006600990891457
12;0.00746383098885417;0.009676845744252205
13;0.007418287917971611;0.009692119434475899
14;0.007412980310618877;0.009356856346130371
