epoch;loss;val_loss
0;0.06146674230694771;0.022143730893731117
1;0.014504033140838146;0.017985643818974495
2;0.011769360862672329;0.013885889202356339
3;0.010445852763950825;0.011427491903305054
4;0.009519008919596672;0.012310869991779327
5;0.008984137326478958;0.012034926563501358
6;0.008598024025559425;0.010725355707108974
7;0.008379174396395683;0.01112794503569603
8;0.00817201379686594;0.010964510962367058
9;0.00805429182946682;0.01056631188839674
10;0.007912746630609035;0.010460502468049526
11;0.007813050411641598;0.01103703211992979
12;0.007697954773902893;0.010947459377348423
13;0.007631523068994284;0.010778293013572693
14;0.007550596259534359;0.010854991152882576
15;0.0074773551896214485;0.010272308252751827
16;0.007399293594062328;0.010153625160455704
17;0.00736915273591876;0.010054335929453373
18;0.007323151454329491;0.00964127853512764
19;0.007306310348212719;0.01005245465785265
20;0.007249654736369848;0.009539704769849777
21;0.007207479793578386;0.010289151221513748
22;0.007177273742854595;0.009831003844738007
23;0.0071936603635549545;0.009415161795914173
24;0.0070906635373830795;0.011116738431155682
25;0.007058247458189726;0.00942909810692072
26;0.007044841535389423;0.011574944481253624
27;0.00701662665233016;0.00953458622097969
28;0.0069561186246573925;0.009389899671077728
29;0.006940011866390705;0.010501835495233536
30;0.006931999232620001;0.00980991218239069
31;0.0068782842718064785;0.009116428904235363
32;0.006851119454950094;0.009486125782132149
33;0.006813894957304001;0.00923917256295681
34;0.006811349652707577;0.009175890125334263
35;0.006804834585636854;0.009709004312753677
36;0.006781154312193394;0.00908515602350235
0;0.015695160254836082;0.013053543865680695
1;0.010081044398248196;0.011124255135655403
2;0.008634841069579124;0.010372170247137547
3;0.007790443487465382;0.009337040595710278
4;0.007493886630982161;0.00951563660055399
5;0.007333716377615929;0.008882829919457436
6;0.0073058041743934155;0.010697024874389172
7;0.007247227244079113;0.010816315189003944
8;0.007217996288090944;0.009311677888035774
9;0.007209420669823885;0.008953461423516273
10;0.007249027490615845;0.009149107150733471
11;0.007226303685456514;0.009540941566228867
12;0.00719141960144043;0.00877852737903595
13;0.007200511638075113;0.01111062802374363
14;0.0071907127276062965;0.009367180988192558
15;0.00716156093403697;0.011646212078630924
16;0.0072076646611094475;0.009156825952231884
17;0.007208638824522495;0.009085873141884804
18;0.007177490275353193;0.01024677325040102
19;0.007149717304855585;0.00955530721694231
0;0.017702674493193626;0.0293162539601326
1;0.01662156917154789;0.02081277407705784
2;0.016619810834527016;0.029683899134397507
3;0.01658688113093376;0.03098234534263611
4;0.016624154523015022;0.025337407365441322
5;0.016635948792099953;0.028094127774238586
6;0.016639649868011475;0.02531241625547409
7;0.0165972039103508;0.02549029514193535
8;0.016625959426164627;0.02658800408244133
0;0.011419394984841347;0.013548100367188454
1;0.00880306027829647;0.010269475169479847
2;0.008314259350299835;0.010651486925780773
3;0.00810499582439661;0.010214106179773808
4;0.008069046773016453;0.0110667385160923
5;0.00798249151557684;0.010363103821873665
6;0.007913761772215366;0.010294177569448948
7;0.007884926162660122;0.009679735638201237
8;0.007876630872488022;0.01283553522080183
9;0.007840214297175407;0.009978771209716797
10;0.007806539069861174;0.01071097981184721
11;0.007838508114218712;0.01179476734250784
12;0.007836202159523964;0.011266801506280899
13;0.007774574216455221;0.009880558587610722
14;0.007726222276687622;0.010818584822118282
