epoch;loss;val_loss
0;0.012541424483060837;0.016709161922335625
1;0.010723572224378586;0.015600628219544888
2;0.009924774058163166;0.014547599479556084
3;0.009456584230065346;0.012420387007296085
4;0.009070968255400658;0.012216349132359028
5;0.008696965873241425;0.011583894491195679
6;0.008569683879613876;0.012300885282456875
7;0.00843718834221363;0.014132337644696236
8;0.008391792885959148;0.01128283329308033
9;0.008312737569212914;0.011550616472959518
10;0.008334031328558922;0.011167366988956928
11;0.0082407146692276;0.012118644081056118
12;0.008213452994823456;0.012254675850272179
13;0.008261180482804775;0.011114965192973614
14;0.008181584067642689;0.011934591457247734
15;0.008283435367047787;0.011162074282765388
16;0.008210101164877415;0.011254971846938133
17;0.008159659802913666;0.01153347548097372
18;0.008182336576282978;0.013485661707818508
19;0.008134742267429829;0.011024878360331059
20;0.008102127350866795;0.010738118551671505
21;0.008138595148921013;0.015571330673992634
22;0.008154734037816525;0.011254171840846539
23;0.008132858201861382;0.01370493695139885
24;0.008145470172166824;0.011440558359026909
25;0.008149441331624985;0.011143682524561882
26;0.008074789308011532;0.011594127863645554
27;0.008074006997048855;0.010515180416405201
28;0.00811328087002039;0.011022239923477173
29;0.008093541488051414;0.011619537137448788
30;0.008164765313267708;0.01191569585353136
31;0.008070769719779491;0.011355936527252197
32;0.008103599771857262;0.011543387547135353
33;0.008076712489128113;0.010583888739347458
34;0.008090591989457607;0.010266686789691448
35;0.008046462200582027;0.012894202023744583
36;0.008068680763244629;0.011782264336943626
37;0.008078524842858315;0.012841187417507172
38;0.008037075400352478;0.011287834495306015
39;0.008045723661780357;0.011185144074261189
40;0.008068669587373734;0.010741223581135273
41;0.008063580840826035;0.01274076197296381
