epoch;loss;val_loss
0;0.3881053328514099;0.3187260627746582
1;0.26186403632164;0.2899767756462097
2;0.24776381254196167;0.2708292007446289
3;0.2439309060573578;0.2648833990097046
4;0.23733870685100555;0.2465752810239792
5;0.23000510036945343;0.2698521614074707
6;0.21979062259197235;0.2678759694099426
7;0.21550282835960388;0.23455235362052917
8;0.21200619637966156;0.22945700585842133
9;0.21031267940998077;0.21934378147125244
10;0.20932498574256897;0.23172736167907715
11;0.20672057569026947;0.21874381601810455
12;0.20509687066078186;0.22860583662986755
13;0.20407016575336456;0.21757662296295166
14;0.20275083184242249;0.22301621735095978
15;0.2014329731464386;0.21604236960411072
16;0.20106568932533264;0.2159789800643921
17;0.20051774382591248;0.218902587890625
18;0.19960016012191772;0.2060200273990631
19;0.19903989136219025;0.2061089724302292
20;0.19818902015686035;0.21219684183597565
21;0.19708426296710968;0.21055233478546143
22;0.1947963684797287;0.22071480751037598
23;0.19485808908939362;0.20840959250926971
24;0.1952519416809082;0.21920907497406006
25;0.19421587884426117;0.22444400191307068
0;0.3439462184906006;0.293458491563797
1;0.26897314190864563;0.27400699257850647
2;0.25046461820602417;0.24743486940860748
3;0.23880180716514587;0.25440195202827454
4;0.2338656336069107;0.25976115465164185
5;0.22645750641822815;0.24464885890483856
6;0.2236064374446869;0.22388151288032532
7;0.22233425080776215;0.2464025318622589
8;0.21960431337356567;0.23015040159225464
9;0.21960501372814178;0.2363850325345993
10;0.21866367757320404;0.2334337681531906
11;0.21857182681560516;0.25257670879364014
12;0.21757745742797852;0.2429398000240326
13;0.21716052293777466;0.23102355003356934
