epoch;loss;val_loss
0;0.47181716561317444;0.5574873089790344
1;0.3733275830745697;0.36015281081199646
2;0.34833958745002747;0.3855140209197998
3;0.31398701667785645;0.3275875449180603
4;0.288345605134964;0.30306392908096313
5;0.2684098482131958;0.2850644290447235
6;0.260720819234848;0.2679603695869446
7;0.2531189024448395;0.34978392720222473
8;0.24907496571540833;0.26247936487197876
9;0.24743077158927917;0.3094829022884369
10;0.2442147433757782;0.26962947845458984
11;0.24525636434555054;0.2598816156387329
12;0.2419929951429367;0.26371270418167114
13;0.24155838787555695;0.3065836727619171
14;0.23979616165161133;0.28831541538238525
15;0.2394549399614334;0.2843693196773529
16;0.23740129172801971;0.24627557396888733
17;0.2369951605796814;0.2551010549068451
18;0.23654986917972565;0.251817524433136
19;0.2369585633277893;0.25185897946357727
20;0.23492977023124695;0.3201112747192383
21;0.23292358219623566;0.24606743454933167
22;0.23306359350681305;0.2588776648044586
23;0.23203788697719574;0.24604830145835876
24;0.2311287522315979;0.2509549558162689
25;0.22933915257453918;0.25696319341659546
26;0.22933389246463776;0.24538835883140564
27;0.22477544844150543;0.24464116990566254
28;0.22272071242332458;0.2577139437198639
0;0.44892024993896484;0.44582825899124146
1;0.3534689247608185;0.40457266569137573
2;0.32747694849967957;0.3294702172279358
3;0.3154158592224121;0.31343913078308105
4;0.2987055778503418;0.3230518102645874
5;0.28666457533836365;0.32265418767929077
6;0.2799704372882843;0.30663907527923584
7;0.2757498621940613;0.31082820892333984
8;0.2725074291229248;0.34333688020706177
9;0.2693396210670471;0.35439205169677734
10;0.2665587067604065;0.2888851761817932
11;0.2647688090801239;0.30559396743774414
12;0.2623274624347687;0.28751540184020996
13;0.2599625587463379;0.36640816926956177
0;0.5184786915779114;0.5033384561538696
1;0.37811022996902466;0.38426363468170166
2;0.3433055877685547;0.40484756231307983
3;0.32675039768218994;0.34759488701820374
4;0.31605756282806396;0.3257816731929779
5;0.3096824884414673;0.3274238705635071
6;0.3046342730522156;0.3531911373138428
7;0.3006429076194763;0.3810884356498718
8;0.296116441488266;0.3597028851509094
9;0.29092639684677124;0.30244454741477966
10;0.2872607111930847;0.3199780285358429
11;0.2833313047885895;0.29129549860954285
12;0.28164535760879517;0.32804325222969055
13;0.2792232632637024;0.318869948387146
14;0.27753230929374695;0.32258811593055725
15;0.27573564648628235;0.30685707926750183
16;0.27304524183273315;0.30874618887901306
17;0.2713649272918701;0.2826049327850342
18;0.270463228225708;0.3217489421367645
19;0.2689113914966583;0.3757931590080261
20;0.26607510447502136;0.3088539242744446
21;0.26632121205329895;0.29976963996887207
22;0.26362207531929016;0.29926300048828125
23;0.2618853449821472;0.3560229241847992
24;0.2628054916858673;0.2959706783294678
0;0.413379043340683;0.37436938285827637
1;0.3028697669506073;0.3225007653236389
2;0.2842932641506195;0.3022748827934265
3;0.2724793553352356;0.33414679765701294
4;0.2630743086338043;0.31883615255355835
5;0.25730204582214355;0.36747175455093384
6;0.25177404284477234;0.28835025429725647
7;0.24901516735553741;0.2610626816749573
8;0.24595288932323456;0.2795688807964325
9;0.24353720247745514;0.2696329951286316
10;0.24078866839408875;0.2647026777267456
11;0.24061456322669983;0.26023274660110474
12;0.2384711652994156;0.29046472907066345
13;0.23706859350204468;0.2846210300922394
14;0.2366439700126648;0.28709447383880615
15;0.23567023873329163;0.2929117977619171
16;0.23517628014087677;0.2789100110530853
17;0.23401494324207306;0.25655728578567505
18;0.23255358636379242;0.28072118759155273
19;0.23350889980793;0.2795904874801636
20;0.23217445611953735;0.27864810824394226
21;0.23262183368206024;0.25524798035621643
22;0.2321639209985733;0.26433679461479187
23;0.2316398024559021;0.2616375982761383
24;0.2301211655139923;0.26045411825180054
25;0.23148123919963837;0.24890795350074768
26;0.23040521144866943;0.24848730862140656
27;0.22964595258235931;0.25329145789146423
28;0.2298920899629593;0.2737584710121155
29;0.22902368009090424;0.25599023699760437
30;0.22864195704460144;0.2709619998931885
31;0.22812095284461975;0.2589988708496094
32;0.22904804348945618;0.2513919174671173
33;0.22793060541152954;0.26979103684425354
