epoch;loss;val_loss
0;0.01332930475473404;0.016217034310102463
1;0.009948098100721836;0.012525992467999458
2;0.008626239374279976;0.011101600714027882
3;0.00795398186892271;0.010347277857363224
4;0.00767649756744504;0.010214733891189098
5;0.007503494620323181;0.011886085383594036
6;0.007385059259831905;0.01048880536109209
7;0.007326314225792885;0.012180140241980553
8;0.007285094819962978;0.01186048798263073
9;0.007244390901178122;0.010490035638213158
10;0.00718217808753252;0.00966233666986227
11;0.007042580284178257;0.010087973438203335
12;0.007135904394090176;0.013044727966189384
13;0.006969517562538385;0.014999885112047195
14;0.007000303827226162;0.010143477469682693
15;0.006934992969036102;0.011067449115216732
16;0.006888699717819691;0.009389798156917095
17;0.0068948338739573956;0.010981772094964981
18;0.006793851964175701;0.011874910444021225
19;0.006805134005844593;0.00913157220929861
20;0.006831435952335596;0.009409764781594276
21;0.006771792192012072;0.0101939020678401
22;0.006717386189848185;0.010055563412606716
23;0.006779453717172146;0.009871164336800575
24;0.006760382559150457;0.011956669390201569
25;0.006688232533633709;0.009308377280831337
26;0.00673510879278183;0.010442393831908703
