epoch;loss;val_loss
0;0.019069893285632133;0.012851346284151077
1;0.00884311180561781;0.011393741704523563
2;0.007583952508866787;0.010069197975099087
3;0.00685798330232501;0.00978437066078186
4;0.006418546661734581;0.009623942896723747
5;0.0061383964493870735;0.00917736068367958
6;0.005987035576254129;0.009123887866735458
7;0.005817297846078873;0.009043368510901928
8;0.005666810553520918;0.008942097425460815
9;0.005466196220368147;0.008531100116670132
10;0.005279959179461002;0.008246790617704391
11;0.005095541011542082;0.007950789295136929
12;0.004930628929287195;0.007419245783239603
13;0.004789935424923897;0.007222564425319433
14;0.004694804549217224;0.007561013102531433
15;0.0045877001248300076;0.007443188223987818
16;0.004543809685856104;0.006845714524388313
17;0.004479027818888426;0.006831098347902298
18;0.004442630335688591;0.006739435251802206
19;0.0044126021675765514;0.006901117507368326
20;0.004347461275756359;0.006661722436547279
21;0.004329674411565065;0.006550137419253588
22;0.0042912159115076065;0.0063111018389463425
23;0.004282914102077484;0.006314253434538841
24;0.004262181464582682;0.006475652568042278
25;0.004250608384609222;0.0061907218769192696
26;0.004240577574819326;0.006308718118816614
27;0.0042044720612466335;0.006227170582860708
28;0.004203152377158403;0.0064600748009979725
29;0.004191717132925987;0.006266815587878227
30;0.004187548998743296;0.006377187557518482
0;0.01981738582253456;0.022063005715608597
1;0.011660304851830006;0.016482289880514145
2;0.010979275219142437;0.015901444479823112
3;0.010638679377734661;0.01540284976363182
4;0.010519933886826038;0.018576741218566895
5;0.010401858016848564;0.017128031700849533
6;0.010373134166002274;0.01597416400909424
7;0.01039833202958107;0.015598761849105358
8;0.010333511047065258;0.015305908396840096
9;0.01017353218048811;0.015412970446050167
10;0.010150798596441746;0.01665566675364971
11;0.009986883960664272;0.01462765783071518
12;0.009783944115042686;0.01544591598212719
13;0.009715079329907894;0.013443765230476856
14;0.009575358591973782;0.013514848425984383
15;0.009456065483391285;0.015819476917386055
16;0.009303443133831024;0.015514850616455078
17;0.009297559969127178;0.015376154333353043
18;0.009311743080615997;0.015579246915876865
19;0.009409621357917786;0.014762264676392078
20;0.009215167723596096;0.013497862964868546
0;0.012875028885900974;0.022075895220041275
1;0.009136643260717392;0.0110695231705904
2;0.008362445048987865;0.010726848617196083
3;0.008134229108691216;0.010776284150779247
4;0.00797814317047596;0.010785924270749092
5;0.00787555892020464;0.00982915610074997
6;0.007739102467894554;0.009702683426439762
7;0.007758730091154575;0.011045431718230247
8;0.007713134400546551;0.009561975486576557
9;0.007530821952968836;0.010500151664018631
10;0.007536065299063921;0.014262672513723373
11;0.0075109354220330715;0.01123412698507309
12;0.007390033919364214;0.009599312208592892
13;0.00735731516033411;0.01053444854915142
14;0.007298124488443136;0.01031356118619442
15;0.007246906403452158;0.010126103647053242
0;0.008548873476684093;0.009478399530053139
1;0.006182278506457806;0.008752821944653988
2;0.005750064272433519;0.00786973349750042
3;0.00550576439127326;0.00841028243303299
4;0.005448735319077969;0.0085796769708395
5;0.005354962777346373;0.00808938778936863
6;0.0053153145126998425;0.011118601076304913
7;0.005220291670411825;0.007265523076057434
8;0.005131375510245562;0.008264901116490364
9;0.005005406681448221;0.00804881565272808
10;0.0049805594608187675;0.01001774612814188
11;0.004962111823260784;0.007277823518961668
12;0.0049157217144966125;0.007224238943308592
13;0.0049249473959207535;0.008013967424631119
14;0.004876195918768644;0.007097990717738867
15;0.004869810771197081;0.007136305328458548
16;0.00487815635278821;0.006688019260764122
17;0.004849487449973822;0.007945670746266842
18;0.004877051804214716;0.006761145778000355
19;0.004847521428018808;0.006710346322506666
20;0.004863198380917311;0.008817858062684536
21;0.004927041940391064;0.0073280311189591885
22;0.004865450784564018;0.009586462751030922
23;0.004845091607421637;0.007607048377394676
