epoch;loss;val_loss
0;0.04262533783912659;0.009287823922932148
1;0.006381903309375048;0.00869288295507431
2;0.005953132640570402;0.008274368941783905
3;0.005604410544037819;0.007730421610176563
4;0.005333978217095137;0.0077645620331168175
5;0.0051151239313185215;0.006448810920119286
6;0.004963739775121212;0.00649997778236866
7;0.004874234553426504;0.00615753373131156
8;0.0048261419869959354;0.006227175705134869
9;0.004780028481036425;0.006849314551800489
10;0.004696556832641363;0.005584170576184988
11;0.004611581098288298;0.005509370472282171
12;0.004544311203062534;0.006340028718113899
13;0.00450053671374917;0.005352139938622713
14;0.004464974161237478;0.005685263779014349
15;0.004434641916304827;0.005378063302487135
16;0.004407019354403019;0.005640111863613129
17;0.004376467317342758;0.005935139488428831
18;0.004345724359154701;0.005877022631466389
19;0.00431456184014678;0.005612961016595364
20;0.004305203445255756;0.005720614455640316
0;0.019373564049601555;0.012414559721946716
1;0.00702160969376564;0.011662048287689686
2;0.007023266050964594;0.011497579514980316
3;0.0070259906351566315;0.012132936157286167
4;0.007025240454822779;0.011231319978833199
5;0.007023795507848263;0.012676930986344814
6;0.00702635059133172;0.012013872154057026
7;0.007030865643173456;0.011920176446437836
8;0.0070280833169817924;0.011991932988166809
0;0.00889585167169571;0.0105330441147089
1;0.006602684035897255;0.009271400049328804
2;0.006389259360730648;0.009062807075679302
3;0.006205773446708918;0.00943751446902752
4;0.00609887158498168;0.009664752520620823
5;0.005984276067465544;0.00937130767852068
6;0.005846579559147358;0.009240563027560711
7;0.005690640304237604;0.007926270365715027
8;0.0054953983053565025;0.007666639983654022
9;0.0052711451426148415;0.006938104517757893
10;0.0050751217640936375;0.007210924290120602
11;0.004910281393676996;0.006367519963532686
12;0.004804006312042475;0.006471123080700636
13;0.004706816282123327;0.006577560678124428
14;0.004631664603948593;0.006449931301176548
15;0.004523117560893297;0.005834906827658415
16;0.004478808492422104;0.005891737993806601
17;0.004427336156368256;0.005840330384671688
18;0.004385909531265497;0.006139310542494059
19;0.004323007073253393;0.005521740298718214
20;0.004270905628800392;0.005304891616106033
21;0.004238171968609095;0.005599034484475851
22;0.004205186385661364;0.00536330696195364
0;0.020571410655975342;0.027171330526471138
1;0.015779443085193634;0.030155297368764877
2;0.015796825289726257;0.029463082551956177
3;0.015785111114382744;0.029493315145373344
4;0.015771884471178055;0.030527645722031593
5;0.015799352899193764;0.026315104216337204
6;0.01581239141523838;0.0316585898399353
7;0.015781071037054062;0.027917327359318733
8;0.01579074002802372;0.027871867641806602
9;0.01580023020505905;0.027116330340504646
10;0.01581529527902603;0.02885027788579464
11;0.015791187062859535;0.031419046223163605
12;0.01577666588127613;0.02707371860742569
0;0.017392437905073166;0.02753220684826374
1;0.01578034646809101;0.02873855270445347
2;0.015748610720038414;0.025664137676358223
3;0.015768975019454956;0.030278678983449936
4;0.0157637782394886;0.027986597269773483
5;0.015814822167158127;0.029292788356542587
6;0.015773646533489227;0.02840583212673664
7;0.015781236812472343;0.02742408588528633
8;0.015762483701109886;0.02356378361582756
9;0.015784140676259995;0.02728618122637272
10;0.015787577256560326;0.024028204381465912
11;0.015781646594405174;0.029855459928512573
12;0.015772029757499695;0.027714287862181664
13;0.015775546431541443;0.02446735091507435
14;0.015776794403791428;0.027867455035448074
15;0.01576921157538891;0.02346099726855755
16;0.015769850462675095;0.03135457634925842
17;0.015787502750754356;0.028570998460054398
0;0.01787412539124489;0.014757604338228703
1;0.009883712977170944;0.013076912611722946
2;0.009385786950588226;0.012406825087964535
3;0.009196115657687187;0.012990439310669899
4;0.009082415141165257;0.012052061967551708
5;0.008987868204712868;0.01372996624559164
6;0.008910355158150196;0.01209245529025793
7;0.008836963213980198;0.011734667234122753
8;0.008848622441291809;0.011766115203499794
9;0.008833104744553566;0.011254682205617428
10;0.008836289867758751;0.011894488707184792
11;0.008822683244943619;0.012027159333229065
12;0.008815259672701359;0.01344538014382124
13;0.008804314769804478;0.012159856036305428
