epoch;loss;val_loss
0;0.33221086859703064;0.33637216687202454
1;0.2471066415309906;0.2669288218021393
2;0.23099419474601746;0.27500227093696594
3;0.22032499313354492;0.2239118218421936
4;0.21110376715660095;0.2354210615158081
5;0.20526212453842163;0.23331430554389954
6;0.20101669430732727;0.2206692397594452
7;0.19791388511657715;0.21809549629688263
8;0.1959618777036667;0.2067984938621521
9;0.19434528052806854;0.20777659118175507
10;0.1922951191663742;0.22024966776371002
11;0.19056187570095062;0.19684231281280518
12;0.19077031314373016;0.19947901368141174
13;0.18906919658184052;0.19241993129253387
14;0.18930938839912415;0.19532807171344757
15;0.18798035383224487;0.20227934420108795
16;0.18565091490745544;0.21822689473628998
17;0.1850806325674057;0.19746063649654388
18;0.18361014127731323;0.19142669439315796
19;0.18369454145431519;0.22541263699531555
20;0.18229101598262787;0.1972537636756897
21;0.18229123950004578;0.19730384647846222
22;0.18103539943695068;0.2014063596725464
23;0.18276208639144897;0.24522820115089417
24;0.1813315749168396;0.20670872926712036
25;0.18073605000972748;0.20790182054042816
0;0.3706335425376892;0.3174584209918976
1;0.2733004093170166;0.3047390878200531
2;0.24835968017578125;0.2940673828125
3;0.24012130498886108;0.24906805157661438
4;0.23375682532787323;0.2727198004722595
5;0.2309546172618866;0.2531163692474365
6;0.22747108340263367;0.2435719221830368
7;0.22466273605823517;0.23496204614639282
8;0.22388549149036407;0.2935999929904938
9;0.22113196551799774;0.2495049685239792
10;0.21900230646133423;0.24171341955661774
11;0.21801678836345673;0.2351413071155548
12;0.21595513820648193;0.2512471079826355
13;0.21493110060691833;0.23981846868991852
14;0.2137412279844284;0.2297629863023758
15;0.21277976036071777;0.23824012279510498
16;0.21308633685112;0.22642020881175995
17;0.21251702308654785;0.22765842080116272
18;0.21122001111507416;0.23046572506427765
19;0.21014267206192017;0.21927917003631592
20;0.2098478227853775;0.2196510136127472
21;0.20821790397167206;0.25248631834983826
22;0.20784156024456024;0.2246597558259964
23;0.20574072003364563;0.2703077793121338
24;0.20407015085220337;0.20435890555381775
25;0.20210255682468414;0.2322932928800583
26;0.2007744312286377;0.2328421175479889
27;0.1994602531194687;0.26434627175331116
28;0.2004341036081314;0.21267004311084747
29;0.19937482476234436;0.1971651166677475
30;0.1982475221157074;0.20069007575511932
31;0.1991860419511795;0.1996539980173111
32;0.19783537089824677;0.21177025139331818
33;0.1984059363603592;0.20685699582099915
34;0.1978950947523117;0.21436955034732819
35;0.19790616631507874;0.20194798707962036
36;0.19780726730823517;0.20293600857257843
