epoch;loss;val_loss
0;0.01011976320296526;0.010333232581615448
1;0.00756855821236968;0.00911059882491827
2;0.007354876957833767;0.009234876371920109
3;0.0073083979077637196;0.01216092985123396
4;0.00705268420279026;0.00915676262229681
5;0.007084669079631567;0.008863287977874279
6;0.006875067949295044;0.008950992487370968
7;0.006797564681619406;0.00889277271926403
8;0.006818943656980991;0.00917659793049097
9;0.006754612550139427;0.009708656929433346
10;0.006691907998174429;0.009852372109889984
11;0.0067159575410187244;0.008494842797517776
12;0.006651668343693018;0.009238031692802906
13;0.006708118133246899;0.009073776192963123
14;0.006560901645570993;0.009285186417400837
15;0.006641339976340532;0.008566005155444145
16;0.006634272634983063;0.009213601239025593
17;0.006636459846049547;0.00926080159842968
18;0.006668406073004007;0.009733067825436592
