epoch;loss;val_loss
0;0.014750504866242409;0.017757266759872437
1;0.011958359740674496;0.016698312014341354
2;0.01146943774074316;0.015790404751896858
3;0.011209565214812756;0.015671391040086746
4;0.01106307003647089;0.015773383900523186
5;0.010996727272868156;0.015742769464850426
6;0.010915658436715603;0.017536887899041176
7;0.010934890247881413;0.015560425817966461
8;0.010860965587198734;0.016241108998656273
9;0.010907075367867947;0.016093095764517784
10;0.010955708101391792;0.01606692746281624
11;0.010885072872042656;0.01593700610101223
12;0.010824505239725113;0.016002213582396507
13;0.010783154517412186;0.015757089480757713
14;0.010806660167872906;0.01643359661102295
