epoch;loss;val_loss
0;0.01348544005304575;0.01749911904335022
1;0.009463515132665634;0.01620258018374443
2;0.008628918789327145;0.013087849132716656
3;0.00801108218729496;0.012099426239728928
4;0.0077231042087078094;0.013143758289515972
5;0.00756327947601676;0.012338529340922832
6;0.007478692568838596;0.011578187346458435
7;0.007442362606525421;0.011890609748661518
8;0.007372149731963873;0.012093556113541126
9;0.0073450300842523575;0.011705705896019936
10;0.007302635814994574;0.013688484206795692
11;0.007282242178916931;0.014031348749995232
12;0.007296975702047348;0.012238709256052971
13;0.007288623135536909;0.011401521973311901
14;0.007212058641016483;0.01152243372052908
15;0.007178590167313814;0.01237846352159977
16;0.007196365389972925;0.011827807873487473
17;0.007198466919362545;0.014904309064149857
18;0.007187698036432266;0.012754963710904121
19;0.007245415821671486;0.012147616595029831
20;0.007174312137067318;0.013109591789543629
