epoch;loss;val_loss
0;3.497135877609253;2.5961780548095703
1;2.48712420463562;1.6202952861785889
2;1.5122418403625488;0.6531225442886353
3;0.6973746418952942;0.32221028208732605
4;0.44584837555885315;0.45902180671691895
5;0.4020361602306366;0.5428813099861145
6;0.3954784870147705;0.5692963004112244
7;0.39485594630241394;0.5760338306427002
8;0.3948345184326172;0.5787081122398376
9;0.3948352336883545;0.5788305401802063
10;0.3948306441307068;0.5770264267921448
0;0.9846800565719604;0.7291437983512878
1;0.5865150690078735;0.5897751450538635
2;0.48937535285949707;0.5233029127120972
3;0.4225205183029175;0.5106525421142578
4;0.3882279694080353;0.4772719740867615
5;0.370197057723999;0.4595693349838257
6;0.3576907813549042;0.4244854748249054
7;0.34753698110580444;0.47808465361595154
8;0.3391653001308441;0.4471304714679718
9;0.3318149447441101;0.42313873767852783
10;0.32585620880126953;0.4025522470474243
11;0.32123517990112305;0.3939671516418457
12;0.3170982003211975;0.3988286554813385
13;0.3133849799633026;0.39770281314849854
14;0.3095134496688843;0.3835328221321106
15;0.3060031235218048;0.3943490982055664
16;0.302433580160141;0.3779357671737671
17;0.3000307083129883;0.39911705255508423
18;0.29712972044944763;0.38660678267478943
19;0.2945915162563324;0.36893436312675476
20;0.29241040349006653;0.36850255727767944
21;0.2899377644062042;0.3609098196029663
22;0.28811830282211304;0.34313106536865234
23;0.28595829010009766;0.3387748599052429
24;0.28454795479774475;0.3455146551132202
25;0.2825518548488617;0.3495090901851654
26;0.28103044629096985;0.3572525978088379
27;0.27957528829574585;0.3317941427230835
28;0.2784733176231384;0.3416133224964142
29;0.2771974503993988;0.345152348279953
30;0.276165246963501;0.33211588859558105
31;0.27472198009490967;0.34485888481140137
32;0.27341428399086;0.33065763115882874
33;0.2725500464439392;0.33749693632125854
34;0.2717759609222412;0.3439881205558777
35;0.2708897590637207;0.3266027271747589
36;0.269742488861084;0.31703120470046997
37;0.2688954770565033;0.32178568840026855
38;0.26819127798080444;0.342992901802063
39;0.26749780774116516;0.31360960006713867
40;0.26707977056503296;0.3120429217815399
41;0.266178697347641;0.3223145604133606
42;0.26551932096481323;0.3241117000579834
43;0.26489388942718506;0.31980466842651367
44;0.26401379704475403;0.3215038776397705
45;0.2636728882789612;0.3323499858379364
46;0.262603759765625;0.3129855990409851
47;0.2622309625148773;0.3140072524547577
