epoch;loss;val_loss
0;0.010894572362303734;0.01252075843513012
1;0.00866810604929924;0.012412612326443195
2;0.008158374577760696;0.012804383412003517
3;0.007876167073845863;0.011766637675464153
4;0.007810135837644339;0.011834750883281231
5;0.0076773338951170444;0.010851778090000153
6;0.007607287261635065;0.01058115903288126
7;0.007555329240858555;0.01108985859900713
8;0.007549684029072523;0.012177851051092148
9;0.007452367339283228;0.01122241746634245
10;0.007507596164941788;0.010907774791121483
11;0.007478189654648304;0.010861271061003208
12;0.007567269261926413;0.011453619226813316
13;0.007536529563367367;0.011277919635176659
