epoch;loss;val_loss
0;0.016945339739322662;0.01612401381134987
1;0.01112609263509512;0.012362699024379253
2;0.009170984849333763;0.013813664205372334
3;0.008071246556937695;0.010396295227110386
4;0.007741989567875862;0.011633025482296944
5;0.00760963000357151;0.00916300993412733
6;0.007356615271419287;0.008786008693277836
7;0.00728294812142849;0.009267017245292664
8;0.007263718638569117;0.00891722459346056
9;0.007201520726084709;0.008885038085281849
10;0.007157208863645792;0.009637866169214249
11;0.0071069831028580666;0.009189081378281116
12;0.007115385495126247;0.00891709141433239
13;0.007172694429755211;0.011475549079477787
