epoch;loss;val_loss
0;0.017106886953115463;0.02974509634077549
1;0.016636377200484276;0.02983832359313965
2;0.016649462282657623;0.025149719789624214
3;0.016645820811390877;0.03162938728928566
4;0.016641367226839066;0.023013083264231682
5;0.016651729121804237;0.029385369271039963
6;0.016618473455309868;0.030401062220335007
7;0.01665591262280941;0.03019140660762787
8;0.01663958467543125;0.029165958985686302
9;0.016604403033852577;0.025624535977840424
10;0.01666741445660591;0.028987286612391472
11;0.016653956845402718;0.023755859583616257
0;0.017804773524403572;0.025358960032463074
1;0.016663333401083946;0.03125481680035591
2;0.016644692048430443;0.028842253610491753
3;0.016613587737083435;0.026697272434830666
4;0.016630183905363083;0.022222129628062248
5;0.01664668135344982;0.027773143723607063
6;0.016611147671937943;0.027495762333273888
7;0.0166386179625988;0.02752237394452095
8;0.01662103459239006;0.032119110226631165
9;0.016661636531352997;0.02775138057768345
10;0.01664023846387863;0.02885444089770317
11;0.016648119315505028;0.023801418021321297
0;0.010599429719150066;0.011034521274268627
1;0.008599677123129368;0.013246271759271622
2;0.008419633843004704;0.010623687878251076
3;0.007866251282393932;0.009934798814356327
4;0.00744370324537158;0.009897769428789616
5;0.007180228363722563;0.009323952719569206
6;0.0071022361516952515;0.009146720170974731
7;0.007026513572782278;0.010392355732619762
8;0.006930171512067318;0.011758288368582726
9;0.006927153095602989;0.009160979650914669
10;0.006733704824000597;0.00965450331568718
11;0.006785946432501078;0.008731035515666008
12;0.006850771140307188;0.009084424003958702
13;0.0066929408349096775;0.013030755333602428
14;0.006736996117979288;0.00855597760528326
15;0.006741578225046396;0.008824668824672699
16;0.006757924798876047;0.010478504933416843
17;0.006775923538953066;0.011679142713546753
18;0.006677247118204832;0.008482035249471664
19;0.006717035546898842;0.011941413395106792
20;0.006675886921584606;0.009078435599803925
21;0.0066663469187915325;0.008785172365605831
22;0.006583549082279205;0.009230759926140308
23;0.006586665753275156;0.008632468990981579
24;0.006625230424106121;0.008632993325591087
25;0.006684865802526474;0.012910611927509308
