epoch;loss;val_loss
0;0.3638608157634735;0.3454503118991852
1;0.2850092351436615;0.36594557762145996
2;0.27839195728302;0.2890300154685974
3;0.27324897050857544;0.3928700089454651
4;0.26886996626853943;0.3139042258262634
5;0.23170872032642365;0.21483761072158813
6;0.21478445827960968;0.19995740056037903
7;0.20681951940059662;0.22221852838993073
8;0.20221002399921417;0.20835497975349426
9;0.20011821389198303;0.2146397978067398
10;0.1975793093442917;0.2417689561843872
11;0.19659556448459625;0.195784792304039
12;0.19453944265842438;0.2010742723941803
13;0.19472016394138336;0.19006161391735077
14;0.19348132610321045;0.2126585692167282
15;0.19215282797813416;0.20927199721336365
16;0.19150704145431519;0.20587289333343506
17;0.19191499054431915;0.20840984582901
18;0.18999886512756348;0.19326132535934448
19;0.190338134765625;0.19788283109664917
20;0.18916232883930206;0.19728483259677887
0;0.30870604515075684;0.30117306113243103
1;0.23744730651378632;0.23140572011470795
2;0.21951743960380554;0.20282697677612305
3;0.2091800421476364;0.21112112700939178
4;0.20441052317619324;0.18950478732585907
5;0.19847410917282104;0.18543389439582825
6;0.19472678005695343;0.19359374046325684
7;0.1927977353334427;0.17535950243473053
8;0.1910492479801178;0.22759735584259033
9;0.1888117641210556;0.18106240034103394
10;0.1864071935415268;0.21584247052669525
11;0.18550533056259155;0.22849376499652863
12;0.18462856113910675;0.199593186378479
13;0.18310630321502686;0.27996113896369934
14;0.18342328071594238;0.19062666594982147
0;0.3426453173160553;0.29314807057380676
1;0.2525804042816162;0.32109335064888
2;0.24141962826251984;0.26655492186546326
3;0.23128008842468262;0.24591894447803497
4;0.22010688483715057;0.22833403944969177
5;0.2146710753440857;0.22778718173503876
6;0.21199320256710052;0.22841329872608185
7;0.20916680991649628;0.2418947070837021
8;0.20650111138820648;0.22231532633304596
9;0.20484031736850739;0.23930910229682922
10;0.20309792459011078;0.22185921669006348
11;0.20165947079658508;0.2323617786169052
12;0.19985345005989075;0.23988015949726105
13;0.20025821030139923;0.20719783008098602
14;0.19723878800868988;0.21874281764030457
15;0.19613023102283478;0.2751087248325348
16;0.19596102833747864;0.2098546326160431
17;0.19487756490707397;0.2040889412164688
18;0.19423188269138336;0.20501455664634705
19;0.19427597522735596;0.20928549766540527
20;0.1944473534822464;0.2077672928571701
21;0.19458550214767456;0.20643804967403412
22;0.1945197731256485;0.2082056850194931
23;0.19395321607589722;0.21414753794670105
24;0.19406987726688385;0.20630285143852234
0;2.892847776412964;1.9004515409469604
1;1.7468856573104858;0.7986753582954407
0;0.3705555498600006;0.31159311532974243
1;0.2614671587944031;0.2575750946998596
2;0.24352802336215973;0.23191051185131073
3;0.2316400706768036;0.21930329501628876
4;0.22245237231254578;0.2591293454170227
5;0.21737661957740784;0.266000360250473
6;0.21470414102077484;0.23815155029296875
7;0.21299520134925842;0.21214348077774048
8;0.21045780181884766;0.2228405773639679
9;0.20844903588294983;0.21205490827560425
10;0.20857414603233337;0.2140325903892517
11;0.20742391049861908;0.25780433416366577
12;0.2055501639842987;0.22515006363391876
13;0.20685549080371857;0.20620526373386383
14;0.20625896751880646;0.2008582502603531
15;0.20584769546985626;0.20188315212726593
16;0.20493623614311218;0.20258203148841858
17;0.20413897931575775;0.1982976198196411
18;0.2035454958677292;0.2356744408607483
19;0.20242775976657867;0.22308655083179474
20;0.20220603048801422;0.2520935833454132
