epoch;loss;val_loss
0;0.47586292028427124;0.3667362928390503
1;0.27198976278305054;0.3257784843444824
2;0.25329917669296265;0.30364546179771423
3;0.24733589589595795;0.28016746044158936
4;0.24208107590675354;0.2996285855770111
5;0.2421211153268814;0.33500707149505615
6;0.239918053150177;0.27954021096229553
7;0.23868951201438904;0.28692126274108887
8;0.23980368673801422;0.2615911364555359
9;0.23904813826084137;0.2677275538444519
10;0.23721137642860413;0.26637426018714905
11;0.2373981922864914;0.26387572288513184
12;0.23687084019184113;0.2558029890060425
13;0.23550044000148773;0.259231835603714
14;0.23420622944831848;0.25473928451538086
15;0.23469310998916626;0.25914403796195984
16;0.2333521693944931;0.2653164863586426
17;0.2322034388780594;0.29262614250183105
18;0.231773242354393;0.25916674733161926
19;0.2323787957429886;0.2719990015029907
20;0.23073545098304749;0.25530388951301575
21;0.2297825813293457;0.2533304989337921
22;0.2284010499715805;0.25713542103767395
23;0.22954097390174866;0.26276323199272156
24;0.2278241217136383;0.2655857801437378
25;0.22670294344425201;0.24027059972286224
26;0.22590211033821106;0.2705342769622803
27;0.22500066459178925;0.239702507853508
28;0.22416630387306213;0.25289371609687805
29;0.22496169805526733;0.25261178612709045
0;1.422946572303772;1.1039402484893799
1;0.7841370105743408;0.8990347981452942
2;0.6564612984657288;0.7612366080284119
3;0.5910351276397705;0.7033249735832214
