epoch;loss;val_loss
0;0.45130404829978943;0.4802175462245941
1;0.34276682138442993;0.4087081253528595
2;0.2862713932991028;0.29628998041152954
3;0.2578941881656647;0.27222582697868347
4;0.24307890236377716;0.2855812609195709
5;0.2388804703950882;0.3035110533237457
6;0.2307363897562027;0.26554301381111145
7;0.22544871270656586;0.28360143303871155
8;0.22397732734680176;0.26864904165267944
9;0.22193625569343567;0.27259495854377747
10;0.2198072224855423;0.24875588715076447
11;0.21965113282203674;0.271759033203125
12;0.21798118948936462;0.23965302109718323
13;0.21680723130702972;0.24873600900173187
14;0.21569673717021942;0.24759428203105927
15;0.212784543633461;0.23196956515312195
16;0.21327823400497437;0.2355673462152481
17;0.21271765232086182;0.2646119296550751
18;0.21195007860660553;0.2353019416332245
19;0.21154126524925232;0.2501351237297058
20;0.21008682250976562;0.23604878783226013
21;0.2092803567647934;0.23925280570983887
22;0.20927007496356964;0.2373703420162201
0;0.4068897068500519;0.4752586781978607
1;0.2945573329925537;0.3610493838787079
2;0.2749118208885193;0.30837351083755493
3;0.26643723249435425;0.30668148398399353
4;0.2616482377052307;0.29696255922317505
5;0.25604602694511414;0.28292524814605713
6;0.2504558563232422;0.3012789785861969
7;0.24756674468517303;0.3041393458843231
8;0.2447034865617752;0.29878491163253784
9;0.24195313453674316;0.3543359339237213
10;0.23988090455532074;0.2964591085910797
11;0.23642988502979279;0.26451465487480164
12;0.23446199297904968;0.32630205154418945
13;0.2348441332578659;0.25721320509910583
