epoch;loss;val_loss
0;0.7749099731445312;0.6376080513000488
1;0.43661925196647644;0.43132975697517395
2;0.32376933097839355;0.33562159538269043
3;0.2908612787723541;0.28566795587539673
4;0.28206613659858704;0.28871896862983704
5;0.2700616717338562;0.28641802072525024
6;0.2436060756444931;0.25095218420028687
7;0.23555323481559753;0.22629483044147491
8;0.22847487032413483;0.29204288125038147
9;0.2256939560174942;0.21743246912956238
10;0.22264216840267181;0.21695636212825775
11;0.21988961100578308;0.2264258861541748
12;0.2190939337015152;0.2522532343864441
13;0.21781475841999054;0.2240874469280243
14;0.21782417595386505;0.21644575893878937
15;0.2162872701883316;0.21816903352737427
16;0.2147158980369568;0.2117537558078766
17;0.21469378471374512;0.2276974618434906
18;0.2139679193496704;0.21323950588703156
19;0.21410654485225677;0.2320028394460678
20;0.21345160901546478;0.21370717883110046
