epoch;loss;val_loss
0;0.4384708106517792;0.4076192378997803
1;0.263381689786911;0.29160648584365845
2;0.2479122132062912;0.28319263458251953
3;0.24015340209007263;0.2482244074344635
4;0.23457419872283936;0.2843429446220398
5;0.23338009417057037;0.2568914592266083
6;0.2315085381269455;0.2807284891605377
7;0.22771276533603668;0.2592570185661316
8;0.22176919877529144;0.23822620511054993
9;0.21928469836711884;0.23861576616764069
10;0.21824713051319122;0.23512955009937286
11;0.21495302021503448;0.259638249874115
12;0.21215923130512238;0.22972890734672546
13;0.21108072996139526;0.23365789651870728
14;0.20970378816127777;0.27733930945396423
15;0.20666301250457764;0.2143639177083969
16;0.2059965431690216;0.22902755439281464
17;0.20613768696784973;0.22590775787830353
18;0.20544558763504028;0.21840153634548187
19;0.20410726964473724;0.22311048209667206
20;0.20433591306209564;0.2545241415500641
21;0.2039194107055664;0.2161255031824112
22;0.20139047503471375;0.23115205764770508
0;0.38296765089035034;0.32102590799331665
1;0.27656522393226624;0.2859203517436981
2;0.24282363057136536;0.2780543267726898
3;0.23167911171913147;0.236881822347641
4;0.2252417355775833;0.2215745449066162
5;0.21874698996543884;0.25639477372169495
6;0.21648086607456207;0.23347283899784088
7;0.21352778375148773;0.2901526987552643
8;0.2110307365655899;0.2194935381412506
9;0.20871701836585999;0.2311326414346695
10;0.20800663530826569;0.2955641746520996
11;0.20778164267539978;0.21687234938144684
12;0.20731130242347717;0.2166903167963028
13;0.20762066543102264;0.23012030124664307
14;0.20647111535072327;0.22222627699375153
15;0.20495836436748505;0.2152625173330307
16;0.20525017380714417;0.2197340875864029
17;0.20501813292503357;0.21998260915279388
18;0.20579299330711365;0.2167714685201645
19;0.20621535181999207;0.22422562539577484
20;0.2049211710691452;0.22876976430416107
21;0.20545950531959534;0.21155886352062225
22;0.205287367105484;0.24983879923820496
23;0.20489656925201416;0.21937192976474762
24;0.20433799922466278;0.21249957382678986
25;0.20440393686294556;0.22136269509792328
26;0.20430853962898254;0.24031582474708557
27;0.20470167696475983;0.22431857883930206
28;0.20505785942077637;0.22150754928588867
