epoch;loss;val_loss
0;0.679995596408844;0.5128677487373352
1;0.3918778896331787;0.4282052218914032
2;0.34397223591804504;0.4135059118270874
3;0.3237171173095703;0.3729802072048187
4;0.31051984429359436;0.366012305021286
5;0.3010013699531555;0.35953089594841003
6;0.2932014465332031;0.36820343136787415
7;0.287699818611145;0.3311806619167328
8;0.28199201822280884;0.3305606544017792
9;0.2781989872455597;0.3349806070327759
10;0.2749063968658447;0.3352900743484497
11;0.2711644172668457;0.30895593762397766
12;0.2685774564743042;0.33245334029197693
13;0.2664509117603302;0.3220749795436859
14;0.26390254497528076;0.3186994194984436
15;0.2617318034172058;0.33295583724975586
16;0.2599736452102661;0.3052835166454315
17;0.25852298736572266;0.31619226932525635
18;0.256836861371994;0.3010486960411072
19;0.25534188747406006;0.2978363335132599
20;0.25356677174568176;0.31451231241226196
21;0.25263121724128723;0.2966286540031433
22;0.25086769461631775;0.30018264055252075
23;0.24982281029224396;0.29374879598617554
24;0.248556986451149;0.2888356149196625
25;0.24714605510234833;0.2941291332244873
26;0.24620114266872406;0.27801352739334106
27;0.2450416535139084;0.3161400854587555
28;0.24397282302379608;0.28621989488601685
29;0.2431681603193283;0.2973248362541199
30;0.24258247017860413;0.288455605506897
31;0.24102607369422913;0.28204476833343506
32;0.2400929033756256;0.2820919454097748
33;0.23933415114879608;0.28298455476760864
