epoch;loss;val_loss
0;0.017650967463850975;0.020179379731416702
1;0.010953030548989773;0.017181461676955223
2;0.009950880892574787;0.014067234471440315
3;0.009007491171360016;0.013597466051578522
4;0.008414103649556637;0.01273126620799303
5;0.0078955739736557;0.012058139778673649
6;0.0074012852273881435;0.010197926312685013
7;0.006893335375934839;0.010363351553678513
8;0.006564494222402573;0.009744648821651936
9;0.006227709818631411;0.009175967425107956
10;0.005783058702945709;0.00873776338994503
11;0.0052504283376038074;0.00825656671077013
12;0.004909868352115154;0.007719788234680891
13;0.004733768757432699;0.007635665591806173
14;0.004638407379388809;0.007426375523209572
15;0.004568375647068024;0.007439999841153622
16;0.004512017127126455;0.007475478574633598
17;0.004476990085095167;0.0071937162429094315
18;0.00443672202527523;0.007157657761126757
19;0.004416526760905981;0.007174692582339048
20;0.00439578527584672;0.006996183190494776
21;0.004378524608910084;0.006990853697061539
22;0.004357582423835993;0.0070885601453483105
23;0.004347954411059618;0.006879724096506834
24;0.0043283444829285145;0.0068567413836717606
25;0.0043268511071801186;0.006932061165571213
26;0.004322665277868509;0.0070735858753323555
27;0.0043164086528122425;0.0068160779774188995
28;0.004302571527659893;0.007046642247587442
29;0.0043106661178171635;0.006864625029265881
30;0.004300223663449287;0.006893902085721493
31;0.004296728875488043;0.006822903174906969
32;0.00428921589627862;0.006812399718910456
33;0.0042928955517709255;0.006803648080676794
34;0.004289929289370775;0.006845332216471434
35;0.004281042143702507;0.006799446418881416
36;0.004273604601621628;0.006796497385948896
37;0.004286420997232199;0.006754831410944462
38;0.0042815119959414005;0.0067946757189929485
39;0.004267234355211258;0.006757581140846014
40;0.004270151257514954;0.0068090916611254215
41;0.004256793297827244;0.006829069461673498
42;0.004262241069227457;0.006772131659090519
43;0.004263332113623619;0.006800022907555103
44;0.004264965653419495;0.00678143510594964
0;0.012995783239603043;0.011227242648601532
1;0.00915718823671341;0.011356697417795658
2;0.009020683355629444;0.01256632525473833
3;0.008861390873789787;0.013093211688101292
4;0.008785159327089787;0.010802747681736946
5;0.008654805831611156;0.011348883621394634
6;0.00856711808592081;0.011322030797600746
7;0.008640039712190628;0.01100086234509945
8;0.008568708784878254;0.010926878079771996
9;0.008650882169604301;0.01111774705350399
10;0.008526202291250229;0.011700126342475414
11;0.008475187234580517;0.01425730250775814
