epoch;loss;val_loss
0;0.008790492080152035;0.010643698275089264
1;0.006891369819641113;0.01010010577738285
2;0.006600469350814819;0.009718883782625198
3;0.006390088703483343;0.009394253604114056
4;0.006203392054885626;0.009220222942531109
5;0.006081847473978996;0.008806569501757622
6;0.006004543974995613;0.008727083913981915
7;0.005918672773987055;0.008485149592161179
8;0.005859800614416599;0.008430545218288898
9;0.005823440384119749;0.008300691843032837
10;0.0057668909430503845;0.007996301166713238
11;0.005760106258094311;0.008052976801991463
12;0.0057137152180075645;0.007888958789408207
13;0.005703191738575697;0.0082103181630373
14;0.005678420886397362;0.008028174750506878
15;0.005655036773532629;0.008145784959197044
16;0.005626918748021126;0.008035886101424694
17;0.005611646454781294;0.007844094187021255
18;0.005600522272288799;0.007900548167526722
19;0.005583212245255709;0.007976695895195007
20;0.00554015813395381;0.007989821955561638
21;0.005535907577723265;0.008419749327003956
22;0.005503547377884388;0.0077051506377756596
23;0.005484770517796278;0.00752220069989562
24;0.0054831369780004025;0.007846771739423275
25;0.005457052029669285;0.007696193177253008
26;0.005460785236209631;0.007535963319242001
27;0.0054428004659712315;0.007786436006426811
28;0.005442820955067873;0.007621589116752148
29;0.005446023773401976;0.007639660965651274
30;0.005436446983367205;0.007603282108902931
0;0.016656236723065376;0.02588028647005558
1;0.01589648425579071;0.023966405540704727
2;0.015919767320156097;0.02772282250225544
3;0.015920458361506462;0.023732086643576622
4;0.015892714262008667;0.022892490029335022
5;0.015937287360429764;0.02497386373579502
6;0.015926336869597435;0.02715747058391571
7;0.0159149207174778;0.02084111049771309
8;0.015907997265458107;0.023823324590921402
9;0.015946239233016968;0.02419815957546234
10;0.015969814732670784;0.0244259312748909
11;0.01591263711452484;0.023795289918780327
12;0.015924613922834396;0.025791456922888756
13;0.01588524505496025;0.026715533807873726
14;0.015922145918011665;0.027178047224879265
0;0.013481461443006992;0.014263560995459557
1;0.009926032274961472;0.013625950552523136
2;0.00948050431907177;0.013337579555809498
3;0.009242611937224865;0.01335075218230486
4;0.009010585956275463;0.012397593818604946
5;0.00894679594784975;0.013456991873681545
6;0.008818289265036583;0.012805510312318802
7;0.008800837211310863;0.013648619875311852
8;0.0086668124422431;0.012635516002774239
9;0.008691210299730301;0.012115095742046833
10;0.008633988909423351;0.012467599473893642
11;0.008654139004647732;0.014794765040278435
