epoch;loss;val_loss
0;0.011883001774549484;0.01521318405866623
1;0.008089006878435612;0.01403004676103592
2;0.007005113177001476;0.011932087130844593
3;0.006202163174748421;0.010432101786136627
4;0.005546276923269033;0.009238546714186668
5;0.005086581222712994;0.008555267937481403
6;0.004780462943017483;0.008263818919658661
7;0.004610334523022175;0.008141269907355309
8;0.004475684370845556;0.008008277975022793
9;0.0043829963542521;0.008126934990286827
10;0.004316355101764202;0.0076780905947089195
11;0.004247595090419054;0.007826455868780613
12;0.004191563464701176;0.007543791551142931
13;0.004150331486016512;0.007441980764269829
14;0.004112750291824341;0.007379898801445961
15;0.004083959385752678;0.0073381951078772545
16;0.004057008307427168;0.0074611203745007515
17;0.004029591102153063;0.007249623537063599
18;0.0039876182563602924;0.007240584585815668
19;0.003982782829552889;0.008106359280645847
0;0.01655394956469536;0.016769327223300934
1;0.010357905179262161;0.014533701352775097
2;0.009085150435566902;0.013596052303910255
3;0.008701360784471035;0.015546777285635471
4;0.00847453810274601;0.015100964345037937
5;0.008438060991466045;0.01324938703328371
6;0.008240400813519955;0.013526848517358303
7;0.008386553265154362;0.012432483024895191
8;0.008286954835057259;0.014699709601700306
9;0.008144756779074669;0.013251925818622112
10;0.008152686059474945;0.012740779668092728
11;0.007967683486640453;0.01271536573767662
12;0.007982837967574596;0.012771756388247013
13;0.007971316576004028;0.013287859037518501
14;0.007917802780866623;0.014535383321344852
