epoch;loss;val_loss
0;0.013692546635866165;0.014638800173997879
1;0.008705664426088333;0.012997424229979515
2;0.008207719773054123;0.013011131435632706
3;0.007946239784359932;0.01436106488108635
4;0.007883251644670963;0.010084150359034538
5;0.007818147540092468;0.009326405823230743
6;0.007786370348185301;0.009340336546301842
7;0.007775421719998121;0.009763915091753006
8;0.007803488988429308;0.01074189879000187
9;0.007688799407333136;0.010812558233737946
10;0.007772933691740036;0.011023051105439663
11;0.007699522655457258;0.009451869875192642
12;0.007726883050054312;0.009042593650519848
13;0.007704874966293573;0.009600065648555756
14;0.007662977557629347;0.009488744661211967
15;0.007704730145633221;0.010221271775662899
16;0.007665208075195551;0.010735641233623028
17;0.007665309589356184;0.009593764320015907
18;0.007589369080960751;0.009632018394768238
19;0.0076403534039855;0.009361080825328827
0;0.017131857573986053;0.028923118487000465
1;0.016571376472711563;0.029463715851306915
2;0.016584428027272224;0.026765622198581696
3;0.016574924811720848;0.026069937273859978
4;0.01658342219889164;0.02213069424033165
5;0.016574328765273094;0.024826396256685257
6;0.016565104946494102;0.026593592017889023
7;0.016565188765525818;0.030209243297576904
8;0.016581831499934196;0.028538910672068596
9;0.016553793102502823;0.027414537966251373
10;0.016577571630477905;0.02517959289252758
11;0.01659245230257511;0.02892117202281952
0;0.011418092995882034;0.013789397664368153
1;0.009233866818249226;0.012340105138719082
2;0.008952677249908447;0.011292796581983566
3;0.008646129630506039;0.011307395063340664
4;0.008471907116472721;0.01228291168808937
5;0.008441134355962276;0.010302762500941753
6;0.008418344892561436;0.010354612022638321
7;0.00841994397342205;0.010576402768492699
8;0.008323595859110355;0.012107488699257374
9;0.008317815139889717;0.010678393766283989
10;0.008310342207551003;0.01158960536122322
11;0.008245176635682583;0.010455758310854435
12;0.008227656595408916;0.011463649570941925
0;0.011554069817066193;0.010977125726640224
1;0.008571654558181763;0.010085716843605042
2;0.008371060714125633;0.011777880601584911
3;0.008215945214033127;0.010985859669744968
4;0.008112614043056965;0.013020777143537998
5;0.008025286719202995;0.01035684160888195
6;0.007930723018944263;0.011032497510313988
7;0.007954400964081287;0.00990308728069067
8;0.007828136906027794;0.010422619991004467
9;0.007824361324310303;0.010011204518377781
10;0.007845395244657993;0.010377801954746246
11;0.007807475980371237;0.010252031497657299
12;0.007773856166750193;0.009777765721082687
13;0.0077075655572116375;0.009888173080980778
14;0.0077856541611254215;0.009940066374838352
15;0.007797370199114084;0.011680424213409424
16;0.007794984616339207;0.010368136689066887
17;0.007747132331132889;0.012804713100194931
18;0.007659235969185829;0.010889237746596336
19;0.007785006891936064;0.01514395046979189
