epoch;loss;val_loss
0;0.4792863130569458;0.3977641463279724
1;0.2898813486099243;0.33898064494132996
2;0.2628996670246124;0.31368136405944824
3;0.24684323370456696;0.2916502356529236
4;0.23583024740219116;0.27788427472114563
5;0.22789397835731506;0.26406434178352356
6;0.22166724503040314;0.25823625922203064
7;0.21633727848529816;0.24846705794334412
8;0.21140378713607788;0.25061148405075073
9;0.20701059699058533;0.23931671679019928
10;0.20361533761024475;0.2430577129125595
11;0.20037588477134705;0.2234160602092743
12;0.1977750062942505;0.22342273592948914
13;0.19512316584587097;0.23014764487743378
14;0.19256161153316498;0.21267123520374298
15;0.19042134284973145;0.22062358260154724
16;0.18856574594974518;0.21694496273994446
17;0.18725650012493134;0.2091180980205536
18;0.18586954474449158;0.20276343822479248
19;0.18499216437339783;0.20578069984912872
20;0.18380211293697357;0.20067936182022095
21;0.18123765289783478;0.1994645744562149
22;0.18128357827663422;0.1984659880399704
23;0.1794860064983368;0.20968236029148102
24;0.17883314192295074;0.19544841349124908
25;0.17802223563194275;0.20090578496456146
26;0.17752549052238464;0.2136273831129074
27;0.17700441181659698;0.1930566132068634
28;0.17591677606105804;0.20762264728546143
29;0.1759101003408432;0.1969939023256302
30;0.17512035369873047;0.202636256814003
31;0.17466288805007935;0.1941952407360077
32;0.1742316484451294;0.19508011639118195
33;0.17311790585517883;0.18797238171100616
34;0.17334924638271332;0.18852388858795166
35;0.17273648083209991;0.1885995864868164
36;0.17246338725090027;0.19053839147090912
37;0.17171503603458405;0.18687519431114197
38;0.17170554399490356;0.18643955886363983
39;0.17112186551094055;0.19554086029529572
40;0.17098543047904968;0.1840192675590515
41;0.1707826554775238;0.18431274592876434
42;0.17046506702899933;0.18492500483989716
43;0.16974839568138123;0.19001944363117218
44;0.1696612685918808;0.18323372304439545
45;0.1693636178970337;0.18995612859725952
46;0.16919788718223572;0.18304578959941864
47;0.16904184222221375;0.1851729303598404
48;0.1681881695985794;0.18335354328155518
49;0.16814365983009338;0.19181983172893524
