epoch;loss;val_loss
0;0.009455366991460323;0.009423444047570229
1;0.005347325466573238;0.01262163557112217
2;0.0050300126895308495;0.009335989132523537
3;0.004831752274185419;0.009298647753894329
4;0.004761077463626862;0.008095836266875267
5;0.004663907457143068;0.011221349239349365
6;0.004684601444751024;0.010400330647826195
7;0.00465050432831049;0.010877448134124279
8;0.0046647158451378345;0.008444294333457947
9;0.004676781594753265;0.008176371455192566
10;0.004672519862651825;0.007871899753808975
11;0.004554226063191891;0.007164879702031612
12;0.004571511410176754;0.007714526727795601
13;0.004510666709393263;0.0072935051284730434
14;0.0045975614339113235;0.007400957867503166
15;0.004624991677701473;0.007643578108400106
16;0.004609106108546257;0.008047371171414852
17;0.004562529269605875;0.007395423483103514
18;0.004607864655554295;0.008706622757017612
0;0.007839380763471127;0.008734680712223053
1;0.005548954475671053;0.008415576070547104
2;0.005234804004430771;0.01177317276597023
3;0.00501405680552125;0.007604455575346947
4;0.005027152132242918;0.00823990162461996
5;0.004986709449440241;0.008047031238675117
6;0.004891801625490189;0.009699620306491852
7;0.0048895240761339664;0.009141011163592339
8;0.004874212667346001;0.007645442150533199
9;0.004854096565395594;0.007483548019081354
10;0.004810873884707689;0.008265084587037563
11;0.004809635225683451;0.00736380135640502
12;0.0048646642826497555;0.008009033277630806
13;0.004771704785525799;0.007492779288440943
14;0.004852820187807083;0.012892552651464939
15;0.004823344759643078;0.008056596852838993
16;0.004819674417376518;0.007469493895769119
17;0.004741753451526165;0.0074295769445598125
18;0.0048497337847948074;0.008371524512767792
0;0.013940593227744102;0.015106736682355404
1;0.009190288372337818;0.014701947569847107
2;0.008644772693514824;0.013439144939184189
3;0.008358198218047619;0.013431999832391739
4;0.008233693428337574;0.013624412938952446
5;0.008138078264892101;0.014184297062456608
6;0.008158824406564236;0.013141107745468616
7;0.008222601376473904;0.01529697235673666
8;0.008030535653233528;0.013040842488408089
9;0.008063001558184624;0.013729176484048367
10;0.00794297643005848;0.015521829016506672
11;0.007889592088758945;0.019311513751745224
12;0.007967215962707996;0.013535026460886002
13;0.007971532642841339;0.016551677137613297
14;0.007836436852812767;0.012744958512485027
15;0.00783353392034769;0.013472514227032661
16;0.007805904373526573;0.012471966445446014
17;0.00782759953290224;0.014021874405443668
18;0.007828090339899063;0.012432352639734745
19;0.007813429459929466;0.015423053875565529
20;0.007855452597141266;0.012546376325190067
21;0.0077595640905201435;0.01273204106837511
22;0.007832128554582596;0.012979630380868912
23;0.007702541071921587;0.012705261819064617
24;0.007751469034701586;0.013135691173374653
25;0.007884214632213116;0.012691780924797058
