epoch;loss;val_loss
0;0.011819731444120407;0.010290121659636497
1;0.008559465408325195;0.01086361613124609
2;0.008153274655342102;0.009981970302760601
3;0.007772139273583889;0.009392015635967255
4;0.007601088844239712;0.010163377039134502
5;0.007567162159830332;0.009544976986944675
6;0.007387839257717133;0.009903566911816597
7;0.0072852857410907745;0.00882466696202755
8;0.007311356253921986;0.009673092514276505
9;0.007222335319966078;0.012061995454132557
10;0.007240741513669491;0.008978511206805706
11;0.007255928590893745;0.009858136996626854
12;0.007208730559796095;0.009065733291208744
13;0.007122022099792957;0.009881310164928436
14;0.007233909796923399;0.008844242431223392
