epoch;loss;val_loss
0;0.020983153954148293;0.018761800602078438
1;0.010505975224077702;0.014959781430661678
2;0.009537352249026299;0.016077496111392975
3;0.009107598103582859;0.012520264834165573
4;0.008907562121748924;0.013332013040781021
5;0.008828849531710148;0.01279650628566742
6;0.008611690253019333;0.012880859896540642
7;0.008559290319681168;0.012724322266876698
8;0.008552939631044865;0.012357267551124096
9;0.00851061288267374;0.01255197636783123
10;0.00858883187174797;0.013411610387265682
11;0.008525455370545387;0.011844535358250141
12;0.008544067852199078;0.012313702143728733
13;0.008525807410478592;0.012891891412436962
14;0.00850577000528574;0.012622936628758907
15;0.008495662361383438;0.012866497039794922
16;0.008418471552431583;0.012306702323257923
17;0.008473368361592293;0.013665100559592247
18;0.008449329063296318;0.01210847683250904
0;0.015165063552558422;0.014245882630348206
1;0.00941076222807169;0.01333584450185299
2;0.008995119482278824;0.012341547757387161
3;0.008837987668812275;0.014054469764232635
4;0.00877379346638918;0.014270720072090626
5;0.00876037310808897;0.012706478126347065
6;0.008690526708960533;0.01251159142702818
7;0.008651798591017723;0.012204469181597233
8;0.008604406379163265;0.012267934158444405
9;0.00858575850725174;0.012121342122554779
10;0.008569545112550259;0.012738232500851154
11;0.008518772199749947;0.011709903366863728
12;0.008516467176377773;0.012202377431094646
13;0.008493603207170963;0.012509619817137718
14;0.008422761224210262;0.012689866125583649
15;0.008413202129304409;0.013253609649837017
16;0.008463356643915176;0.012005490250885487
17;0.008437197655439377;0.012600726447999477
18;0.008396249264478683;0.011980020441114902
