epoch;loss;val_loss
0;0.007121234200894833;0.008491434156894684
1;0.005311997141689062;0.0071664839051663876
2;0.005156108643859625;0.009152240119874477
3;0.005124530754983425;0.007876342162489891
4;0.0050746179185807705;0.007189469411969185
5;0.004994953516870737;0.007353072986006737
6;0.005031130276620388;0.007349021732807159
7;0.00502844899892807;0.007290943525731564
8;0.005038450472056866;0.007093471009284258
0;0.008032958954572678;0.007769227493554354
1;0.006113363895565271;0.007221946958452463
2;0.005605601705610752;0.007554571609944105
3;0.005540288984775543;0.007587098516523838
4;0.005492342170327902;0.007173384074121714
5;0.005434365943074226;0.0083456514403224
6;0.005377249326556921;0.006944120395928621
7;0.005418195854872465;0.006882454734295607
8;0.005299811717122793;0.006741317454725504
9;0.0053461468778550625;0.00672557856887579
10;0.005319538991898298;0.007095553912222385
11;0.005318454001098871;0.006850171834230423
12;0.005346242338418961;0.007650698535144329
13;0.005293229129165411;0.006764961406588554
14;0.00521532166749239;0.006818236317485571
15;0.005249508190900087;0.00787388626486063
16;0.005268515553325415;0.006770152598619461
0;0.010760198347270489;0.015449456870555878
1;0.008545716293156147;0.01373630203306675
2;0.008136874064803123;0.012708969414234161
3;0.00793954636901617;0.01539749838411808
4;0.007809686008840799;0.011129781603813171
5;0.007772269193083048;0.012327962554991245
6;0.007559502962976694;0.012305513955652714
7;0.007498429622501135;0.011244900524616241
8;0.007364971097558737;0.010834891349077225
9;0.007326185237616301;0.010577458888292313
10;0.007354000583291054;0.010188315995037556
11;0.0072233532555401325;0.011175396852195263
12;0.007284231949597597;0.010518770664930344
13;0.007185407914221287;0.01116966549307108
14;0.007174397353082895;0.011379819363355637
15;0.007162627298384905;0.011335691437125206
16;0.007081923075020313;0.011780698783695698
17;0.007056754548102617;0.010250352323055267
