epoch;loss;val_loss
0;0.01640145480632782;0.014972078613936901
1;0.010395735502243042;0.016057804226875305
2;0.009208226576447487;0.012935096397995949
3;0.008807833306491375;0.011676985770463943
4;0.00863946694880724;0.012775057926774025
5;0.008462480269372463;0.012523088604211807
6;0.008380139246582985;0.011808820068836212
7;0.008271562866866589;0.011384106241166592
8;0.008239302784204483;0.010704620741307735
9;0.00820881873369217;0.011442022398114204
10;0.00818595476448536;0.011360581032931805
11;0.008114339783787727;0.011836953461170197
12;0.008098583668470383;0.01161105651408434
13;0.008034303784370422;0.010698431171476841
14;0.008040295913815498;0.011745475232601166
15;0.007971356622874737;0.010646582581102848
16;0.007982159964740276;0.011054180562496185
17;0.008004466071724892;0.011332055553793907
18;0.007945233955979347;0.010452899150550365
19;0.007917859591543674;0.01038491539657116
20;0.00796748511493206;0.01112277153879404
21;0.007891559973359108;0.010413108393549919
22;0.007912112399935722;0.012463746592402458
23;0.00793350301682949;0.010377668775618076
24;0.007929887622594833;0.01226113922894001
25;0.007914924062788486;0.010642508044838905
26;0.007905736565589905;0.010393047705292702
27;0.007841597311198711;0.010253451764583588
28;0.007875354029238224;0.013865632936358452
29;0.007878168486058712;0.010596165433526039
30;0.007885509170591831;0.01066842395812273
31;0.007896761409938335;0.010573177598416805
32;0.007840828970074654;0.01079048402607441
33;0.007865720428526402;0.011099130846560001
34;0.007819455116987228;0.011903509497642517
