epoch;loss;val_loss
0;0.006672280374914408;0.010110808536410332
1;0.005631518084555864;0.007852178066968918
2;0.005499460734426975;0.009817185811698437
3;0.005357070825994015;0.009481568820774555
4;0.005308445077389479;0.0070796869695186615
5;0.005362627562135458;0.007419895380735397
6;0.005253393668681383;0.009645987302064896
7;0.005267661064863205;0.007089547347277403
8;0.005218214821070433;0.006938696838915348
9;0.005169126205146313;0.010539697483181953
10;0.005185592453926802;0.007379337679594755
11;0.0051763239316642284;0.007879006676375866
12;0.005158020183444023;0.007295741233974695
13;0.005218533333390951;0.0070691234432160854
14;0.005193362012505531;0.007289669010788202
15;0.00511083472520113;0.007356840185821056
0;0.010473346337676048;0.009069052524864674
1;0.005832534749060869;0.007269761059433222
2;0.00550052197650075;0.0073560141026973724
3;0.00536471139639616;0.007260057609528303
4;0.005293090827763081;0.00851865392178297
5;0.005249654408544302;0.009200667962431908
6;0.005234041251242161;0.007592822425067425
7;0.005151393823325634;0.007356313057243824
8;0.0052389525808393955;0.007012513931840658
9;0.005180649925023317;0.006641143001616001
10;0.005144479218870401;0.006836007349193096
11;0.005103457253426313;0.006886268965899944
12;0.0051432279869914055;0.00712278438732028
13;0.005109818186610937;0.0069373841397464275
14;0.005096160341054201;0.006953178904950619
15;0.00512806186452508;0.006711114663630724
16;0.00512361666187644;0.009160893969237804
0;0.012685422785580158;0.015725592151284218
1;0.010054221376776695;0.013312092050909996
2;0.009146078489720821;0.013029626570641994
3;0.008600308559834957;0.014770638197660446
4;0.008229231461882591;0.012140709906816483
5;0.008171952329576015;0.011179348453879356
6;0.008014838211238384;0.01059749349951744
7;0.00796943437308073;0.010755348950624466
8;0.007951918989419937;0.012157752178609371
9;0.00790555588901043;0.011480815708637238
10;0.007926254533231258;0.012121186591684818
11;0.007899438962340355;0.011066333390772343
12;0.007766297087073326;0.01223186869174242
13;0.007722579408437014;0.011179734952747822
