epoch;loss;val_loss
0;0.0133889801800251;0.015278084203600883
1;0.00949191302061081;0.012963827699422836
2;0.008985322900116444;0.011710960417985916
3;0.008721577934920788;0.014325886964797974
4;0.008464932441711426;0.015654312446713448
5;0.008387342095375061;0.012240396812558174
6;0.008385906927287579;0.013416385278105736
7;0.008277080953121185;0.011527132242918015
8;0.008120772428810596;0.014835759997367859
9;0.008196789771318436;0.011342233046889305
10;0.008122575469315052;0.011452886275947094
11;0.00813654437661171;0.014044921845197678
12;0.00808468647301197;0.011832883581519127
13;0.008072367869317532;0.011709689162671566
14;0.00798565149307251;0.011076172813773155
15;0.007962213829159737;0.010728539898991585
16;0.008010429330170155;0.013040644116699696
17;0.007968141697347164;0.011997469700872898
18;0.00803507212549448;0.013661815784871578
19;0.007955151610076427;0.012076564133167267
20;0.007965895347297192;0.01221169251948595
21;0.007932084612548351;0.014738727360963821
22;0.00795804150402546;0.010456286370754242
23;0.007848548702895641;0.010836925357580185
24;0.007918302901089191;0.011742671951651573
25;0.00785157736390829;0.011118377558887005
26;0.007928658276796341;0.010408519767224789
27;0.007813355885446072;0.013387703336775303
28;0.007918233051896095;0.013853327371180058
29;0.007844381965696812;0.011698582209646702
30;0.00781810563057661;0.010715984739363194
31;0.007838471792638302;0.010754521004855633
32;0.007851638831198215;0.010703644715249538
33;0.00786848645657301;0.012482086196541786
