epoch;loss;val_loss
0;0.011542887426912785;0.015656249597668648
1;0.00879892148077488;0.01626986265182495
2;0.008640443906188011;0.012910083867609501
3;0.008491359651088715;0.015325915068387985
4;0.008503245189785957;0.012027304619550705
5;0.008524812757968903;0.012590726837515831
6;0.008474525064229965;0.012668956071138382
7;0.008359361439943314;0.01331936102360487
8;0.008431133814156055;0.013423527590930462
9;0.00833273958414793;0.012516533024609089
10;0.00839219056069851;0.012014445848762989
11;0.00833262037485838;0.012150497175753117
12;0.008341717533767223;0.014229461550712585
13;0.008328885771334171;0.013019973412156105
14;0.008290300145745277;0.014007136225700378
15;0.008330492302775383;0.01247375924140215
16;0.008246167562901974;0.013425629585981369
17;0.008237117901444435;0.012571421451866627
