epoch;loss;val_loss
0;0.01712855137884617;0.026936989277601242
1;0.016529526561498642;0.025836212560534477
2;0.01650945097208023;0.029094763100147247
3;0.016540871933102608;0.028233470395207405
4;0.016530320048332214;0.0298614501953125
5;0.016538185998797417;0.02539403736591339
6;0.016488922759890556;0.0284653902053833
7;0.016537722200155258;0.03119155392050743
8;0.01654232293367386;0.028777480125427246
9;0.0165072251111269;0.030976980924606323
10;0.016522813588380814;0.0314020961523056
11;0.016494138166308403;0.026147309690713882
12;0.01647757552564144;0.026503335684537888
0;0.010538729839026928;0.010055194608867168
1;0.008360194973647594;0.010698786936700344
2;0.008082682266831398;0.010910802520811558
3;0.007921620272099972;0.012905852869153023
4;0.007909002713859081;0.01141013577580452
5;0.007895085960626602;0.012594630941748619
6;0.007832605391740799;0.011333169415593147
7;0.007813460193574429;0.012330177240073681
