epoch;loss;val_loss
0;0.31594014167785645;0.281547874212265
1;0.2311890870332718;0.23787342011928558
2;0.21833066642284393;0.225855752825737
3;0.213431715965271;0.23582199215888977
4;0.20823605358600616;0.22567369043827057
5;0.2073042094707489;0.23530729115009308
6;0.20486010611057281;0.22066767513751984
7;0.2021576464176178;0.21146205067634583
8;0.20161540806293488;0.2156401425600052
9;0.20054952800273895;0.20977099239826202
10;0.20082274079322815;0.23146837949752808
11;0.19924786686897278;0.2635791599750519
12;0.1985906958580017;0.21200987696647644
13;0.19769404828548431;0.233965665102005
14;0.19812917709350586;0.23659293353557587
15;0.19693101942539215;0.25076648592948914
16;0.19611495733261108;0.19963891804218292
17;0.19684471189975739;0.27827945351600647
18;0.19600826501846313;0.23490649461746216
19;0.19582915306091309;0.21042166650295258
20;0.19543975591659546;0.2034429907798767
21;0.19561165571212769;0.2449502944946289
22;0.19559113681316376;0.2797084450721741
