epoch;loss;val_loss
0;0.009683302603662014;0.015574024058878422
1;0.0075112381018698215;0.014397179707884789
2;0.007271014619618654;0.010745571926236153
3;0.007183962035924196;0.009691039100289345
4;0.007031111512333155;0.010381154716014862
5;0.006936951540410519;0.011147715151309967
6;0.006977148354053497;0.013691178523004055
7;0.00689549557864666;0.009153683669865131
8;0.0068906513042747974;0.009622191078960896
9;0.006810272578150034;0.00972564797848463
10;0.0068739308044314384;0.00946434959769249
11;0.006802595220506191;0.009514608420431614
12;0.00687278201803565;0.011143108829855919
13;0.006778855342417955;0.012252751737833023
14;0.006788776721805334;0.010054079815745354
