epoch;loss;val_loss
0;0.016687048599123955;0.019416430965065956
1;0.011487605050206184;0.019064387306571007
2;0.010699884034693241;0.01742616482079029
3;0.010422472842037678;0.01800498366355896
4;0.010270137339830399;0.017638420686125755
5;0.010282449424266815;0.024163756519556046
6;0.010120918974280357;0.016566043719649315
7;0.010199539363384247;0.017093630507588387
8;0.009982225485146046;0.017833290621638298
9;0.00982440821826458;0.01811736263334751
10;0.009696293622255325;0.017501408234238625
11;0.009668874554336071;0.01670304872095585
12;0.009671528823673725;0.01589316688477993
13;0.009620631113648415;0.016764160245656967
14;0.009587322361767292;0.016631824895739555
15;0.009602827951312065;0.01856200024485588
16;0.009576425887644291;0.019135089591145515
17;0.009572659619152546;0.017562182620167732
18;0.009602969512343407;0.018936986103653908
19;0.009580748155713081;0.016359949484467506
