epoch;loss;val_loss
0;0.011116810142993927;0.008404268883168697
1;0.006954351905733347;0.009451261721551418
2;0.006543149705976248;0.008035710081458092
3;0.006187370978295803;0.008087405003607273
0;0.006795957684516907;0.008191968314349651
1;0.005768435541540384;0.012605679221451283
2;0.005353742279112339;0.007530652917921543
3;0.005172881297767162;0.0067955986596643925
4;0.005132465157657862;0.007869929075241089
5;0.0050725690089166164;0.006765375379472971
6;0.004991757217794657;0.006882285699248314
7;0.005037614610046148;0.006552400067448616
8;0.004925814922899008;0.008320951834321022
9;0.004989101085811853;0.006590628996491432
10;0.004986118525266647;0.008835004642605782
11;0.004934079013764858;0.006791890598833561
12;0.004915447439998388;0.008980032056570053
13;0.004905496723949909;0.007029414176940918
14;0.00495170708745718;0.006471593864262104
15;0.0049440315924584866;0.00675057340413332
16;0.00486646918579936;0.008377140387892723
17;0.004880417138338089;0.007812532596290112
18;0.004906727932393551;0.006754929665476084
19;0.004919343627989292;0.007596114184707403
20;0.00490729371085763;0.006492053158581257
21;0.004927011206746101;0.009651020169258118
0;0.011676707305014133;0.012421634048223495
1;0.007687666919082403;0.010998375713825226
2;0.007221078500151634;0.01059006992727518
3;0.00712761003524065;0.00957838911563158
4;0.006741615012288094;0.010058602318167686
5;0.006599243730306625;0.009926728904247284
6;0.006341465748846531;0.00961715541779995
7;0.006295488681644201;0.009353375062346458
8;0.006227875128388405;0.010187618434429169
9;0.006152988411486149;0.010140275582671165
10;0.006104467436671257;0.009523634798824787
11;0.006027712486684322;0.009214307181537151
12;0.0060334959998726845;0.009405860677361488
13;0.005980434827506542;0.00888126902282238
14;0.005990411154925823;0.00965208001434803
15;0.005957002751529217;0.009285536594688892
16;0.005895134061574936;0.00940651260316372
17;0.005908943712711334;0.00883860420435667
18;0.005912564229220152;0.008890390396118164
19;0.005856327246874571;0.009852839633822441
20;0.005826455540955067;0.008862867951393127
21;0.005849750712513924;0.008778867311775684
22;0.005858879070729017;0.00902607198804617
23;0.005826164036989212;0.00872470997273922
24;0.005863879807293415;0.009040774777531624
25;0.005837503354996443;0.00852368026971817
26;0.005863207392394543;0.010316587053239346
27;0.005869788583368063;0.008724473416805267
28;0.00585935590788722;0.010103527456521988
29;0.005841968581080437;0.00879310630261898
30;0.005818495061248541;0.008898413740098476
31;0.005810581613332033;0.01031007431447506
32;0.0057593840174376965;0.009311866015195847
