epoch;loss;val_loss
0;0.012093338184058666;0.020846454426646233
1;0.011806274764239788;0.024933265522122383
2;0.011838509701192379;0.022767214104533195
3;0.011851481162011623;0.02021043188869953
4;0.01184665784239769;0.026073860004544258
5;0.011842487379908562;0.022094449028372765
6;0.011815851554274559;0.01995461992919445
7;0.011821563355624676;0.019923005253076553
8;0.011794587597250938;0.025048641487956047
0;0.012228364124894142;0.01637815125286579
1;0.011827304027974606;0.022446712478995323
2;0.01182163879275322;0.02337835729122162
3;0.01179579459130764;0.021394582465291023
4;0.011839604005217552;0.02445686236023903
5;0.011817374266684055;0.022611280903220177
6;0.011830347590148449;0.025607384741306305
7;0.011816628277301788;0.0217219777405262
0;0.00936712883412838;0.007840457372367382
1;0.005007389932870865;0.00597270717844367
2;0.004510765895247459;0.007326881866902113
3;0.004261646885424852;0.005493503529578447
4;0.00418938510119915;0.009240700863301754
5;0.0041868300177156925;0.005890473257750273
6;0.0041370689868927;0.0055843680165708065
7;0.004100615158677101;0.005245272070169449
8;0.004087034612894058;0.005744298454374075
9;0.004069541115313768;0.006208384409546852
10;0.004083264619112015;0.005537787918001413
11;0.0041238609701395035;0.0054974001832306385
12;0.004118537530303001;0.005697663873434067
13;0.004043559078127146;0.005746159236878157
14;0.004069489426910877;0.00709244329482317
15;0.00404164707288146;0.00817650556564331
0;0.008625692687928677;0.009437903761863708
1;0.005831939168274403;0.007977568544447422
2;0.005296074785292149;0.007201089058071375
3;0.0050102723762393;0.007529587484896183
4;0.004788605496287346;0.00729330675676465
5;0.004704726859927177;0.006390949711203575
6;0.004664683248847723;0.00700065353885293
7;0.004625475034117699;0.006306917872279882
8;0.004559427499771118;0.009159810841083527
9;0.004493162967264652;0.00886873621493578
10;0.0044825333170592785;0.012326071038842201
11;0.004465044941753149;0.006680796854197979
12;0.004447453189641237;0.006430446170270443
13;0.004470048937946558;0.00762002682313323
14;0.004445196129381657;0.008199511095881462
0;0.01184770930558443;0.012305937707424164
0;0.01144419889897108;0.012831727042794228
1;0.008685039356350899;0.01160700898617506
1;0.008832772262394428;0.013422430492937565
2;0.008179893717169762;0.01181160006672144
2;0.008521946147084236;0.01617369055747986
3;0.008019098080694675;0.011406389996409416
3;0.008447619155049324;0.013625849038362503
4;0.008072241209447384;0.011200969107449055
4;0.008314705453813076;0.018626829609274864
5;0.007859592325985432;0.010729185305535793
5;0.008186756633222103;0.01179786678403616
6;0.00778201362118125;0.009958673268556595
7;0.007786622736603022;0.010480993427336216
6;0.00810371246188879;0.014362615533173084
8;0.007732372730970383;0.011042941361665726
7;0.008044793270528316;0.013386279344558716
9;0.0076489378698170185;0.011393332853913307
8;0.007975174114108086;0.011484960094094276
10;0.007659022230654955;0.011752725578844547
9;0.00786581076681614;0.01211994793266058
11;0.007617585361003876;0.010012062266469002
10;0.00788404792547226;0.01370272133499384
12;0.007622472010552883;0.011060034856200218
11;0.007842759601771832;0.011333663016557693
13;0.007620332296937704;0.010284182615578175
12;0.00787533912807703;0.011592542752623558
13;0.0077640763483941555;0.014094862155616283
14;0.007575446739792824;0.011538077145814896
15;0.007517999969422817;0.015214060433208942
16;0.007400352507829666;0.014140945859253407
17;0.007414523046463728;0.010711499489843845
18;0.00727048609405756;0.01266112644225359
19;0.00724990526214242;0.00988275371491909
20;0.007129011210054159;0.010045024566352367
21;0.007148105185478926;0.010890454985201359
22;0.007159339264035225;0.011132623068988323
23;0.007094707805663347;0.01225592102855444
24;0.007025604136288166;0.010913986712694168
25;0.007083809468895197;0.009934693574905396
26;0.0070403264835476875;0.010574866086244583
