epoch;loss;val_loss
0;0.01969740353524685;0.015173319727182388
1;0.010725571773946285;0.014041413553059101
2;0.010243851691484451;0.015744464471936226
3;0.010082404129207134;0.014049099758267403
4;0.009980964474380016;0.014618228189647198
5;0.009959639981389046;0.014203268103301525
6;0.009813457727432251;0.013158800080418587
7;0.009850920177996159;0.013454741798341274
8;0.009770071133971214;0.01439043041318655
9;0.009755529463291168;0.013719321228563786
10;0.0097959628328681;0.013529705815017223
11;0.00971713662147522;0.01518204715102911
12;0.00979834608733654;0.016581550240516663
13;0.009753345511853695;0.013269518502056599
