epoch;loss;val_loss
0;0.012568599544465542;0.019232017919421196
1;0.011846658773720264;0.020025543868541718
2;0.011800384148955345;0.020153988152742386
3;0.011829006485641003;0.019638653844594955
4;0.011843742802739143;0.023788660764694214
5;0.011834216304123402;0.015594028867781162
6;0.011823794804513454;0.01896158792078495
7;0.011812585406005383;0.022424092516303062
8;0.011820740066468716;0.02107752487063408
9;0.011817006394267082;0.020096175372600555
10;0.011830458417534828;0.02204229310154915
11;0.011827623471617699;0.021325072273612022
12;0.011826003901660442;0.021594712510704994
