epoch;loss;val_loss
0;0.00941394828259945;0.011556640267372131
1;0.007443094160407782;0.010436167940497398
2;0.007030148059129715;0.009306151419878006
3;0.006847580429166555;0.011437115259468555
4;0.006781250238418579;0.009424135088920593
5;0.006759179290384054;0.011257002130150795
6;0.006721673533320427;0.009541623294353485
7;0.006600860971957445;0.009456551633775234
8;0.006681906059384346;0.009834758937358856
9;0.00662309629842639;0.00909824576228857
10;0.006580129731446505;0.011119558475911617
11;0.006572800222784281;0.008914979174733162
12;0.006547450087964535;0.010116750374436378
13;0.006564232520759106;0.009463275782763958
14;0.006542480085045099;0.009252211079001427
15;0.006491396110504866;0.009142191149294376
16;0.006536191329360008;0.01001744158565998
17;0.0066157798282802105;0.009255080483853817
18;0.006477693561464548;0.009391563944518566
