epoch;loss;val_loss
0;0.01181362010538578;0.014863869175314903
1;0.00870728399604559;0.012115509249269962
2;0.007760701701045036;0.011209552176296711
3;0.007306329440325499;0.010791756212711334
4;0.007145572919398546;0.011737842112779617
5;0.007008991204202175;0.01082039624452591
6;0.006940870545804501;0.010549823753535748
7;0.007002509664744139;0.01427537202835083
8;0.006851415149867535;0.011219337582588196
9;0.006791641004383564;0.011396239511668682
10;0.006876544561237097;0.010413534939289093
11;0.0067560430616140366;0.010748343542218208
12;0.0068067521788179874;0.011608870700001717
13;0.006680135149508715;0.013917487114667892
14;0.006684238091111183;0.010452504269778728
15;0.006741757970303297;0.011590269394218922
16;0.0067102559842169285;0.012355612590909004
17;0.006662989966571331;0.010416217148303986
