epoch;loss;val_loss
0;0.011046991683542728;0.015403782948851585
1;0.009022149257361889;0.013825096189975739
2;0.00881526805460453;0.011090275831520557
3;0.008664746768772602;0.01415613666176796
4;0.008612582460045815;0.013401535339653492
5;0.008525044657289982;0.012566443532705307
6;0.00818348303437233;0.01097765751183033
7;0.007988130673766136;0.012306606397032738
8;0.0079726567491889;0.011823962442576885
9;0.007972690276801586;0.010509713552892208
10;0.007959133945405483;0.010409574024379253
11;0.007932734675705433;0.011084502562880516
12;0.00793376099318266;0.01241812203079462
13;0.007898656651377678;0.010365791618824005
14;0.007868586108088493;0.010637888684868813
15;0.007935748435556889;0.011428733356297016
16;0.007851829752326012;0.010700061917304993
17;0.007858909666538239;0.011289671063423157
18;0.007909072563052177;0.01092551089823246
19;0.0078009068965911865;0.010468360036611557
20;0.007916508242487907;0.011706609278917313
