epoch;loss;val_loss
0;0.016040347516536713;0.02586696483194828
1;0.01193246990442276;0.01825350522994995
2;0.010832469910383224;0.020328117534518242
3;0.009915612637996674;0.016604892909526825
4;0.009485929273068905;0.017378445714712143
5;0.00923851691186428;0.016953712329268456
6;0.009091148152947426;0.017548739910125732
7;0.008972685784101486;0.015283694490790367
8;0.008979512378573418;0.016913294792175293
9;0.008940122090280056;0.016005491837859154
10;0.00892617553472519;0.016910381615161896
11;0.008901708759367466;0.015231270343065262
12;0.008883921429514885;0.016931654885411263
13;0.008954251185059547;0.015713950619101524
14;0.008878538385033607;0.015776921063661575
15;0.008846740238368511;0.015567825175821781
16;0.008842620067298412;0.015290624462068081
17;0.008876053616404533;0.015197297558188438
18;0.008881250396370888;0.015569285489618778
19;0.008873261511325836;0.015290597453713417
20;0.008881187066435814;0.01660977490246296
21;0.008815627545118332;0.015532116405665874
22;0.008775637485086918;0.015841543674468994
23;0.008824220858514309;0.015445678494870663
24;0.008764944039285183;0.016316493973135948
0;0.0174932349473238;0.018738634884357452
1;0.010583053342998028;0.01695781946182251
2;0.00967634841799736;0.016841888427734375
3;0.00917398277670145;0.016285518184304237
4;0.008826706558465958;0.015894927084445953
5;0.008758054114878178;0.014629063196480274
6;0.008615070953965187;0.014734383672475815
7;0.00845442246645689;0.015569616109132767
8;0.008450389839708805;0.014887521043419838
9;0.008433042094111443;0.018042201176285744
10;0.008376826532185078;0.014976427890360355
11;0.008338038809597492;0.014543666504323483
12;0.008398693054914474;0.014363768510520458
13;0.008351289667189121;0.014358668588101864
14;0.008347001858055592;0.014466422609984875
15;0.008275606669485569;0.014272177591919899
16;0.008306865580379963;0.016406426206231117
17;0.008341704495251179;0.015572484582662582
18;0.008259862661361694;0.014344446361064911
19;0.008277077227830887;0.016092656180262566
20;0.00831239391118288;0.014724932610988617
21;0.008228814229369164;0.015706907957792282
22;0.008243476040661335;0.016357634216547012
