epoch;loss;val_loss
0;0.012209489941596985;0.028142614290118217
1;0.008851149119436741;0.01385513786226511
2;0.008385134860873222;0.013015247881412506
3;0.008246156387031078;0.012385478243231773
4;0.008067554794251919;0.01323203556239605
5;0.008023446425795555;0.014345919713377953
6;0.007974060252308846;0.013764819130301476
7;0.007927934639155865;0.014085253700613976
8;0.007917075417935848;0.020499123260378838
9;0.007871229201555252;0.01442085113376379
10;0.007883477956056595;0.01227922085672617
11;0.007836316712200642;0.01339023932814598
12;0.007818721234798431;0.016080226749181747
13;0.007785187102854252;0.014084148220717907
14;0.007696297951042652;0.012792063876986504
15;0.007715409155935049;0.013188904151320457
16;0.007800376042723656;0.012209528125822544
17;0.007762881461530924;0.013261948712170124
18;0.007828330621123314;0.01273480523377657
19;0.007800092454999685;0.012537029571831226
20;0.007688779383897781;0.012583703733980656
21;0.007748232688754797;0.012032411992549896
22;0.007677475921809673;0.01729828119277954
23;0.00770383607596159;0.012817716225981712
24;0.007845993153750896;0.01403487753123045
25;0.007694606203585863;0.013434672728180885
26;0.007762448396533728;0.013090763241052628
27;0.007701628375798464;0.014094715006649494
28;0.007671204395592213;0.013412576168775558
