epoch;loss;val_loss
0;0.42755404114723206;0.3967447280883789
1;0.2507685422897339;0.278949111700058
2;0.23561497032642365;0.290597528219223
3;0.23274043202400208;0.24497556686401367
4;0.22673046588897705;0.24829897284507751
5;0.22349479794502258;0.23500631749629974
6;0.21983695030212402;0.2582344710826874
7;0.21641603112220764;0.22390837967395782
8;0.2160467952489853;0.22106072306632996
9;0.21422654390335083;0.22603876888751984
10;0.212227001786232;0.2266756147146225
11;0.21077916026115417;0.3012990653514862
0;0.4248908758163452;0.32318055629730225
1;0.25202706456184387;0.26441246271133423
2;0.22914639115333557;0.2150944471359253
3;0.21617282927036285;0.2198849618434906
4;0.21205513179302216;0.23270171880722046
5;0.2081606388092041;0.20732194185256958
6;0.20357023179531097;0.2068968117237091
7;0.20079639554023743;0.1928350180387497
8;0.1998351812362671;0.24554651975631714
9;0.1990719884634018;0.23984475433826447
10;0.19643191993236542;0.19421394169330597
11;0.1961243748664856;0.19097480177879333
12;0.19630882143974304;0.20124609768390656
13;0.19373637437820435;0.2072194218635559
14;0.19263863563537598;0.21131235361099243
15;0.191679447889328;0.20394496619701385
16;0.19144853949546814;0.18349385261535645
17;0.1907198578119278;0.2392212152481079
18;0.19119100272655487;0.1987319439649582
19;0.19103145599365234;0.2193959802389145
20;0.18865452706813812;0.19222156703472137
21;0.18946819007396698;0.23729315400123596
22;0.1888788789510727;0.18602241575717926
