epoch;loss;val_loss
0;0.019195236265659332;0.015253203921020031
1;0.010864445008337498;0.01438823714852333
2;0.010295932181179523;0.013886571861803532
3;0.010029871948063374;0.013723915442824364
4;0.009784904308617115;0.013589390553534031
5;0.009547621011734009;0.013057074509561062
6;0.009334908798336983;0.012890078127384186
7;0.009151510894298553;0.012663763016462326
8;0.008939012885093689;0.011610440909862518
9;0.008776731789112091;0.011729106307029724
10;0.008693696931004524;0.011152999475598335
11;0.008626945316791534;0.011560051701962948
12;0.008568793535232544;0.010929174721240997
13;0.00852365791797638;0.011595423333346844
14;0.008465546183288097;0.011268917471170425
15;0.008410674519836903;0.010883861221373081
16;0.008349747397005558;0.011934640817344189
17;0.008272305130958557;0.010835698805749416
18;0.0081747742369771;0.011058381758630276
19;0.00812554731965065;0.010920758359134197
20;0.008042321540415287;0.010746635496616364
21;0.007959374226629734;0.010871076956391335
22;0.007904344238340855;0.010920204222202301
23;0.007838246412575245;0.010450256988406181
24;0.007808577734977007;0.010490336455404758
25;0.007759165950119495;0.010486539453268051
26;0.007713870145380497;0.010449432767927647
27;0.007688937243074179;0.01063559390604496
28;0.007691532373428345;0.010336295701563358
29;0.007660893257707357;0.010303964838385582
30;0.00763639947399497;0.01047071535140276
31;0.007625067140907049;0.01041462179273367
32;0.007610217668116093;0.010651170276105404
33;0.007618060801178217;0.010512853041291237
34;0.007598266936838627;0.010444741696119308
35;0.007578984368592501;0.010831446386873722
36;0.007576698902994394;0.010758358053863049
0;0.02040218561887741;0.017020704224705696
1;0.011376750655472279;0.017408793792128563
2;0.010682148858904839;0.016394106671214104
3;0.010574646294116974;0.015281738713383675
4;0.010418053716421127;0.014213122427463531
5;0.010364153422415257;0.015552868135273457
6;0.010304547846317291;0.014315923675894737
7;0.010207979939877987;0.015440430492162704
8;0.010158790275454521;0.013989690691232681
9;0.010083421133458614;0.01419850718230009
10;0.010102149099111557;0.01437289360910654
11;0.009988798759877682;0.013857876881957054
12;0.010025263763964176;0.014086771756410599
13;0.009956978261470795;0.019586412236094475
14;0.009886713698506355;0.014181860722601414
15;0.009843950159847736;0.01557875331491232
16;0.009808918461203575;0.013186663389205933
17;0.009849420748651028;0.013655402697622776
18;0.009808868169784546;0.014325054362416267
19;0.009883828461170197;0.01447928138077259
20;0.009806218557059765;0.013531520962715149
21;0.009766758419573307;0.015217255800962448
22;0.00983324833214283;0.013703486882150173
23;0.009783530607819557;0.014478680677711964
0;0.011752708815038204;0.010959742590785027
1;0.009511885233223438;0.011202647350728512
2;0.00922689400613308;0.013059335760772228
3;0.009194968268275261;0.010670104064047337
4;0.009166617877781391;0.01269230805337429
5;0.009146845899522305;0.011180326342582703
6;0.009190011769533157;0.01121362391859293
7;0.009097898378968239;0.010947425849735737
8;0.009041976183652878;0.011548621580004692
9;0.009160914458334446;0.011556544341146946
10;0.009103839285671711;0.010458196513354778
11;0.00906557310372591;0.010721009224653244
12;0.00905240885913372;0.011540908366441727
13;0.009096764028072357;0.010501186363399029
0;0.019947180524468422;0.029519496485590935
1;0.016610300168395042;0.025896769016981125
2;0.016587357968091965;0.028049631044268608
3;0.016635604202747345;0.028624078258872032
4;0.016601568087935448;0.030520452186465263
5;0.016603773459792137;0.0250743106007576
6;0.016592837870121002;0.029390640556812286
7;0.016633937135338783;0.027005312964320183
8;0.016611870378255844;0.02604389190673828
9;0.01660461165010929;0.027524812147021294
10;0.016618793830275536;0.025239573791623116
11;0.016633452847599983;0.028455892577767372
12;0.016585061326622963;0.026389820501208305
0;0.012827422469854355;0.015088961459696293
1;0.010254987515509129;0.012575305067002773
2;0.00968516431748867;0.012063995935022831
3;0.009401114657521248;0.011661561205983162
4;0.00923486240208149;0.012195337563753128
5;0.009106514044106007;0.011679630726575851
6;0.009031709283590317;0.01170080341398716
7;0.008979784324765205;0.011634226888418198
8;0.008860222063958645;0.01059562899172306
9;0.008846930228173733;0.011989505030214787
10;0.008851067163050175;0.01338647399097681
11;0.008864381350576878;0.011268684640526772
12;0.008832430467009544;0.013900484889745712
13;0.008826778270304203;0.01223102118819952
14;0.008784583769738674;0.01137168426066637
15;0.008809486404061317;0.010277454741299152
16;0.008803959004580975;0.010556627064943314
17;0.008759565651416779;0.01019645668566227
18;0.008708980865776539;0.010601133108139038
19;0.008765184320509434;0.011892546899616718
20;0.00872181635349989;0.010232617147266865
21;0.00882907584309578;0.01151740550994873
22;0.008743108250200748;0.013960661366581917
23;0.008801455609500408;0.01054272148758173
24;0.008765004575252533;0.011177117004990578
0;0.012028760276734829;0.013045781292021275
1;0.010066471993923187;0.015702391043305397
2;0.00961692351847887;0.01505435910075903
3;0.009283958934247494;0.014404215849936008
4;0.009058726020157337;0.01219232752919197
5;0.00898063462227583;0.016572294756770134
6;0.008916459046304226;0.011872904375195503
7;0.00885047484189272;0.01192651316523552
8;0.008744904771447182;0.01093936525285244
9;0.008663373999297619;0.012354723177850246
10;0.008581570349633694;0.01113986223936081
11;0.00856930110603571;0.011034873314201832
12;0.008536702953279018;0.010986745357513428
13;0.008503064513206482;0.010794785805046558
14;0.008410644717514515;0.010230040177702904
15;0.00845455564558506;0.011045819148421288
16;0.008452105335891247;0.011178363114595413
17;0.008404466323554516;0.010389050468802452
18;0.008393523283302784;0.013819349929690361
19;0.008324779570102692;0.011033553630113602
20;0.00836826954036951;0.01087187696248293
21;0.008341087959706783;0.010013429448008537
22;0.008283903822302818;0.011641647666692734
23;0.00835761521011591;0.011525487527251244
24;0.008350048214197159;0.01041960995644331
25;0.00829022005200386;0.01013892237097025
26;0.0082523999735713;0.010159057565033436
27;0.00831875205039978;0.01032787561416626
28;0.008297528140246868;0.010794516652822495
