epoch;loss;val_loss
0;0.013695691712200642;0.016473935917019844
1;0.009519634768366814;0.01530874241143465
2;0.0089437710121274;0.0127257676795125
3;0.008669487200677395;0.012835878878831863
4;0.008582614362239838;0.01253675576299429
5;0.008472507819533348;0.012600993737578392
6;0.008426566608250141;0.012057766318321228
7;0.008375240489840508;0.01278610434383154
8;0.0083949975669384;0.012760447338223457
9;0.008391466923058033;0.012100907042622566
10;0.008362741209566593;0.012097900733351707
11;0.008331487886607647;0.01299154944717884
12;0.008318065665662289;0.012319370172917843
13;0.008351805619895458;0.012645645998418331
