epoch;loss;val_loss
0;0.3890511095523834;0.4055379033088684
1;0.2975638508796692;0.3279523551464081
2;0.27584168314933777;0.2634706497192383
3;0.2669943869113922;0.3019503355026245
4;0.26600152254104614;0.3908521234989166
5;0.2617350220680237;0.2489677518606186
6;0.25782591104507446;0.31993427872657776
7;0.25410959124565125;0.28720080852508545
8;0.2513926029205322;0.2795262634754181
9;0.24782611429691315;0.28478649258613586
10;0.2469814121723175;0.2555452883243561
11;0.24665899574756622;0.25645706057548523
12;0.24562585353851318;0.2569069564342499
