epoch;loss;val_loss
0;0.022008122876286507;0.03823677450418472
0;0.00961518008261919;0.014979747124016285
1;0.007522288244217634;0.010675333440303802
2;0.0072960141114890575;0.010452216491103172
3;0.007161757908761501;0.010568542405962944
4;0.007047493476420641;0.009574247524142265
5;0.007026840001344681;0.010118359699845314
6;0.006932558957487345;0.009752058424055576
7;0.007011131849139929;0.009807264432311058
8;0.006927443202584982;0.010452416725456715
9;0.00693993316963315;0.01261031161993742
10;0.006911245174705982;0.009538399986922741
11;0.006923551205545664;0.01025342009961605
12;0.00685527827590704;0.009417736902832985
13;0.006737784948199987;0.009150990284979343
14;0.006668850313872099;0.009114985354244709
15;0.00664000166580081;0.008899257518351078
16;0.006703927647322416;0.010300442576408386
17;0.00662054680287838;0.009072625078260899
18;0.006553733255714178;0.01342915091663599
19;0.006550664082169533;0.009660106152296066
20;0.00656549260020256;0.012203937396407127
21;0.006551479920744896;0.00888453796505928
22;0.006538433954119682;0.009275387041270733
23;0.006540059112012386;0.008654855191707611
24;0.006499358918517828;0.008991913869976997
25;0.006583073176443577;0.010047053918242455
26;0.0065695131197571754;0.010252824053168297
27;0.00650276243686676;0.008583447895944118
28;0.006479417905211449;0.01000068336725235
29;0.0065343924798071384;0.009114899672567844
30;0.00647526141256094;0.008901611901819706
31;0.00653139129281044;0.012687021866440773
32;0.0064886040054261684;0.008638123981654644
33;0.006382763851433992;0.008486814796924591
34;0.006489887833595276;0.008745551109313965
35;0.006514417473226786;0.009584039449691772
36;0.0063935271464288235;0.009036007337272167
37;0.006475438363850117;0.00935350637882948
38;0.006415494251996279;0.010959181934595108
39;0.006365007720887661;0.008781969547271729
40;0.006490832194685936;0.009116517379879951
