epoch;loss;val_loss
0;0.7282125949859619;0.5202506184577942
1;0.423165887594223;0.41663530468940735
2;0.339180052280426;0.348673939704895
3;0.2778608798980713;0.2974945604801178
4;0.25077471137046814;0.289375901222229
5;0.2395285964012146;0.27627497911453247
6;0.23248478770256042;0.2850031554698944
7;0.22773148119449615;0.26181796193122864
8;0.2246023267507553;0.2623341679573059
9;0.22206084430217743;0.25406330823898315
10;0.21980158984661102;0.24066370725631714
11;0.21820519864559174;0.24389132857322693
12;0.21646831929683685;0.24977965652942657
13;0.21563872694969177;0.2631687819957733
14;0.21427465975284576;0.2414448857307434
15;0.2136034518480301;0.23559148609638214
16;0.2126268893480301;0.2340436577796936
17;0.2115628868341446;0.23380890488624573
18;0.2111658751964569;0.23640820384025574
19;0.21059052646160126;0.23889636993408203
20;0.209670290350914;0.2380511313676834
21;0.2093443125486374;0.23191024363040924
22;0.2088603973388672;0.24513155221939087
23;0.20801536738872528;0.23345313966274261
24;0.20711985230445862;0.22898122668266296
25;0.20728431642055511;0.23064322769641876
26;0.20632247626781464;0.2567114531993866
27;0.20634561777114868;0.24003034830093384
28;0.20599302649497986;0.23305390775203705
29;0.20509709417819977;0.2295130044221878
30;0.20490515232086182;0.23561911284923553
31;0.20456236600875854;0.22783216834068298
32;0.20438383519649506;0.23226360976696014
33;0.20376011729240417;0.23070940375328064
34;0.20345668494701385;0.24263979494571686
35;0.2032196819782257;0.22942067682743073
36;0.20304544270038605;0.22388318181037903
37;0.20254690945148468;0.22327369451522827
38;0.20256002247333527;0.2400633841753006
39;0.20228271186351776;0.2250976264476776
40;0.20186980068683624;0.23145870864391327
41;0.20210811495780945;0.2272389680147171
42;0.20145586133003235;0.23437458276748657
43;0.20111210644245148;0.23083530366420746
44;0.2015361785888672;0.22811448574066162
