epoch;loss;val_loss
0;0.013382548466324806;0.012223382480442524
1;0.009591946378350258;0.01047062873840332
2;0.008978123776614666;0.010122344829142094
3;0.008562280796468258;0.011592290364205837
4;0.008321307599544525;0.010727639310061932
5;0.008131245151162148;0.012888995930552483
6;0.008020278997719288;0.009365379810333252
7;0.007845928892493248;0.009221323765814304
8;0.007862772792577744;0.008964261040091515
9;0.007830562070012093;0.009303020313382149
10;0.007788928225636482;0.009244084358215332
11;0.007696062326431274;0.01431774627417326
12;0.007767869159579277;0.009616265073418617
13;0.007669409736990929;0.009057498537003994
14;0.007690513972193003;0.011351410299539566
15;0.007725654169917107;0.01055779680609703
0;0.011400544084608555;0.012316662818193436
1;0.007828934118151665;0.010128010995686054
2;0.007557300850749016;0.008928093127906322
3;0.007439822424203157;0.008670538663864136
4;0.00741586834192276;0.009117339737713337
5;0.007401870563626289;0.008867605589330196
6;0.007336919195950031;0.008566559292376041
7;0.0072628650814294815;0.008435482159256935
8;0.0071956925094127655;0.008248425088822842
9;0.007200152613222599;0.012558276765048504
10;0.007255687844008207;0.009704875759780407
11;0.007231058552861214;0.008396857418119907
12;0.007191840559244156;0.008446583524346352
13;0.007178504019975662;0.011244620196521282
14;0.007225450593978167;0.009731307625770569
15;0.007223691791296005;0.008700725622475147
