epoch;loss;val_loss
0;0.02252560295164585;0.010441434569656849
1;0.00664498982951045;0.010613052174448967
2;0.00663546659052372;0.01100664772093296
3;0.006638252176344395;0.011010117828845978
4;0.006639865692704916;0.010954520665109158
5;0.006636989768594503;0.011615727096796036
6;0.0066446419805288315;0.010878537781536579
7;0.006638847291469574;0.010618722066283226
0;0.008226566947996616;0.010841883718967438
1;0.006535744294524193;0.010266793891787529
2;0.006296390201896429;0.00913136638700962
3;0.006085113622248173;0.008474220521748066
4;0.005907257087528706;0.008523569442331791
5;0.005720791406929493;0.008286328986287117
6;0.005549145396798849;0.0083316620439291
7;0.005423604045063257;0.008339377120137215
8;0.005300207994878292;0.007988011464476585
9;0.0051595289260149;0.007156121078878641
10;0.0050699422135949135;0.006925790570676327
11;0.004989521577954292;0.006512809544801712
12;0.004901478998363018;0.006945652887225151
13;0.004819265101104975;0.007063004653900862
14;0.004705601837486029;0.00680320942774415
15;0.004540531896054745;0.006361569277942181
16;0.0043234191834926605;0.006023101042956114
17;0.0040955799631774426;0.005996002350002527
18;0.003944408148527145;0.005165099631994963
19;0.0038393407594412565;0.005166470073163509
20;0.0037853848189115524;0.0053360047750175
21;0.0037135074380785227;0.004869782831519842
22;0.003676073160022497;0.004913128446787596
23;0.0036164785269647837;0.005403473041951656
24;0.003581586992368102;0.0049009546637535095
25;0.0035506351850926876;0.00501513946801424
26;0.0035275721456855536;0.005046400241553783
27;0.003497116034850478;0.004759347997605801
28;0.0034802299924194813;0.004681022372096777
29;0.0034493792336434126;0.0046978238970041275
30;0.0034460301976650953;0.004727697931230068
31;0.0034273038618266582;0.004673067480325699
32;0.0034194670151919127;0.004757856484502554
33;0.003415241837501526;0.004712048452347517
34;0.003417113097384572;0.0047730873338878155
35;0.003405245253816247;0.004648648202419281
36;0.0033897936809808016;0.004617162514477968
0;0.013446490280330181;0.013143690302968025
1;0.010037872940301895;0.011595902033150196
2;0.009057149291038513;0.012418610975146294
3;0.008447486907243729;0.01231798529624939
4;0.008159994147717953;0.009869709610939026
5;0.008131137117743492;0.010617902502417564
6;0.007953265681862831;0.010831642895936966
7;0.007861768826842308;0.009200640954077244
8;0.0078102960251271725;0.008919190615415573
9;0.0077682314440608025;0.00975276343524456
10;0.007729808799922466;0.009871809743344784
11;0.007624342571943998;0.010670208372175694
12;0.00770481675863266;0.00923098623752594
13;0.007630978710949421;0.009091355837881565
14;0.007673119660466909;0.008863908238708973
15;0.007599588483572006;0.009072246961295605
16;0.007628750056028366;0.009445397183299065
17;0.007636508904397488;0.009174035862088203
18;0.007602130062878132;0.008875670842826366
19;0.007561590522527695;0.008996972814202309
20;0.00752289267256856;0.011241596192121506
21;0.007512420881539583;0.011854560114443302
