epoch;loss;val_loss
0;0.009921603836119175;0.011709542013704777
1;0.008376028388738632;0.011836271733045578
2;0.00811055488884449;0.010645761154592037
3;0.007987439632415771;0.010615644045174122
4;0.007848745211958885;0.011404058896005154
5;0.007663775701075792;0.012520414777100086
6;0.0076639954932034016;0.009906889870762825
7;0.00750265596434474;0.010675644502043724
8;0.007595385890454054;0.010427217930555344
9;0.00752643309533596;0.01061242911964655
10;0.0074843051843345165;0.010917081497609615
11;0.007530371192842722;0.011213293299078941
12;0.0075587984174489975;0.011542518623173237
13;0.0075684417970478535;0.011131100356578827
