epoch;loss;val_loss
0;0.012364889495074749;0.013223524205386639
1;0.010029681958258152;0.01490740291774273
2;0.009485717862844467;0.01175602525472641
3;0.009076748974621296;0.013064568862318993
4;0.008888653479516506;0.010466868989169598
5;0.008617943152785301;0.014000503346323967
6;0.008547600358724594;0.011366313323378563
7;0.008560290560126305;0.010764612816274166
8;0.008434951305389404;0.010504244826734066
9;0.00840956810861826;0.011190280318260193
10;0.008359380066394806;0.01103949174284935
11;0.008308576419949532;0.011223665438592434
