epoch;loss;val_loss
0;0.008257332257926464;0.008708356879651546
1;0.005716811865568161;0.007531363982707262
2;0.005152328405529261;0.007420542184263468
3;0.004925493150949478;0.006610432174056768
4;0.004863298963755369;0.006938604172319174
5;0.004770580213516951;0.0068726493045687675
6;0.0047310530208051205;0.00830803345888853
7;0.004748075734823942;0.00614150520414114
8;0.004703451879322529;0.006736422888934612
9;0.004715070594102144;0.006415116135030985
10;0.004727774299681187;0.006340355612337589
11;0.00469845300540328;0.006585379131138325
12;0.004712252411991358;0.007056367117911577
13;0.004673158284276724;0.0065895249135792255
14;0.004749005660414696;0.0070599098689854145
0;0.011775219812989235;0.011960191652178764
1;0.008820082992315292;0.010800271295011044
2;0.008315453305840492;0.011758578941226006
3;0.008039197884500027;0.009979692287743092
4;0.007755615748465061;0.00987748522311449
5;0.007617585826665163;0.011102530173957348
6;0.007405351847410202;0.00944501906633377
7;0.00729947118088603;0.009863297455012798
8;0.007212555967271328;0.008936142548918724
9;0.007195590529590845;0.009594086557626724
10;0.0071613118052482605;0.011160751804709435
11;0.007129219826310873;0.011271199211478233
12;0.007096073590219021;0.008915090933442116
13;0.007134505081921816;0.009729979559779167
14;0.007073044311255217;0.009519130922853947
15;0.007046850863844156;0.01069082785397768
16;0.007005131337791681;0.011337541043758392
17;0.007001945748925209;0.008962936699390411
18;0.0070030782371759415;0.009753304533660412
19;0.00702026067301631;0.009533610194921494
