epoch;loss;val_loss
0;0.017357558012008667;0.026996159926056862
1;0.01684931106865406;0.030320927500724792
2;0.016880743205547333;0.029245691373944283
3;0.01687663421034813;0.030265215784311295
4;0.016832541674375534;0.024839874356985092
5;0.016847476363182068;0.025599902495741844
6;0.016878807917237282;0.028214318677783012
7;0.016870487481355667;0.027333533391356468
8;0.01684010960161686;0.024556022137403488
9;0.016866179183125496;0.028976639732718468
10;0.0168897844851017;0.02591431699693203
11;0.016868682578206062;0.026701122522354126
12;0.01688241958618164;0.029895678162574768
13;0.016878467053174973;0.026817835867404938
14;0.01684407889842987;0.027297046035528183
15;0.01685267500579357;0.029006270691752434
0;0.017018819227814674;0.027969425544142723
1;0.016850996762514114;0.025309089571237564
2;0.016872046515345573;0.023824816569685936
3;0.016849838197231293;0.02840319089591503
4;0.016848837956786156;0.028520572930574417
5;0.016872920095920563;0.025498952716588974
6;0.016842158511281013;0.03232214227318764
7;0.016854768618941307;0.025466438382864
8;0.016855968162417412;0.030090462416410446
9;0.016822589561343193;0.03084585629403591
0;0.017606239765882492;0.02713327296078205
1;0.01663469336926937;0.02825133502483368
2;0.01663472130894661;0.02736028842628002
3;0.0166421327739954;0.02784978598356247
4;0.016628125682473183;0.029029281809926033
5;0.016637232154607773;0.027999522164463997
6;0.016642902046442032;0.027465233579277992
7;0.016633108258247375;0.028284836560487747
