epoch;loss;val_loss
0;0.014023312367498875;0.01445678062736988
1;0.011333653703331947;0.015373503789305687
2;0.010724385268986225;0.012311986647546291
3;0.01047529000788927;0.012267067097127438
4;0.010279571637511253;0.012868178077042103
5;0.010136287659406662;0.01320752315223217
6;0.01002518367022276;0.011832363903522491
7;0.009961850009858608;0.012781073339283466
8;0.009863393381237984;0.012086530216038227
9;0.009942066855728626;0.01239423081278801
10;0.009915927425026894;0.011509324423968792
11;0.00973750464618206;0.011569386348128319
12;0.00973455049097538;0.012778087519109249
13;0.009753549471497536;0.015074395574629307
14;0.009760691784322262;0.01169590000063181
15;0.009608187712728977;0.012346982955932617
16;0.00955685693770647;0.012746287509799004
17;0.009577912278473377;0.010931218974292278
18;0.009532216005027294;0.011111708357930183
19;0.009489613585174084;0.011703266762197018
20;0.009502232074737549;0.012797301635146141
21;0.009433266706764698;0.01132708415389061
22;0.00944599136710167;0.01242153625935316
23;0.009441385976970196;0.013940625824034214
24;0.009436429478228092;0.012565543875098228
0;0.016889432445168495;0.018986908718943596
1;0.01293857954442501;0.01660859026014805
2;0.01217855978757143;0.015917886048555374
3;0.01186358742415905;0.016789434477686882
4;0.011412383057177067;0.01507604867219925
5;0.011213080957531929;0.014899068512022495
6;0.011088519357144833;0.01410959754139185
7;0.010958829894661903;0.018492316827178
8;0.010874757543206215;0.013013200834393501
9;0.010926165618002415;0.013633516617119312
10;0.01089089922606945;0.01368480920791626
11;0.01077455934137106;0.01323978416621685
12;0.0107709476724267;0.016729766502976418
13;0.010758860968053341;0.013612489216029644
14;0.010802766308188438;0.013360338285565376
15;0.010737850330770016;0.015744201838970184
0;0.01638578251004219;0.01950865052640438
1;0.012513311579823494;0.01470461767166853
2;0.011953192763030529;0.017691772431135178
3;0.0116810891777277;0.01771574467420578
4;0.011460660956799984;0.01530480571091175
5;0.011353258974850178;0.015172292478382587
6;0.011294885538518429;0.015877926722168922
7;0.011202385649085045;0.015757925808429718
8;0.011153936386108398;0.014998413622379303
