epoch;loss;val_loss
0;0.010633721947669983;0.01738758012652397
1;0.007999157533049583;0.010613194666802883
2;0.007562817540019751;0.011083394289016724
3;0.0073529514484107494;0.009439283050596714
4;0.007157615851610899;0.011040953919291496
5;0.007215944584459066;0.010158732533454895
6;0.007110053673386574;0.010089791379868984
7;0.007060597185045481;0.00945670809596777
8;0.007042841520160437;0.010078918188810349
9;0.006958965677767992;0.009693938307464123
10;0.007032040040940046;0.010298199951648712
