epoch;loss;val_loss
0;0.009601237252354622;0.010061330161988735
1;0.00792001374065876;0.008849316276609898
2;0.007690905127674341;0.010948104783892632
3;0.007542578969150782;0.010697131976485252
4;0.007555736228823662;0.009257901459932327
5;0.007468818221241236;0.008620727807283401
6;0.00748329097405076;0.009877931326627731
7;0.007420400157570839;0.009129839017987251
8;0.007442628964781761;0.008438018150627613
9;0.007363478187471628;0.00923222303390503
10;0.007349367253482342;0.008574098348617554
11;0.007347408216446638;0.008653558790683746
12;0.007326729129999876;0.008579453453421593
13;0.007335585542023182;0.01166052557528019
14;0.007322822697460651;0.009448201395571232
15;0.0073211234994232655;0.008955826982855797
0;0.010187631472945213;0.009947430342435837
1;0.008008773438632488;0.00924084521830082
2;0.00747756427153945;0.009882393293082714
3;0.007296992931514978;0.011808018200099468
4;0.0071514928713440895;0.008888795040547848
5;0.007009225897490978;0.00849466398358345
6;0.006922881584614515;0.008159757591784
