epoch;loss;val_loss
0;0.018083397299051285;0.0298470389097929
1;0.01698521338403225;0.031851716339588165
2;0.01695307344198227;0.026546265929937363
3;0.01699930801987648;0.027862638235092163
4;0.016995761543512344;0.033149391412734985
5;0.017017966136336327;0.026298457756638527
6;0.016988340765237808;0.026813112199306488
7;0.017018983140587807;0.03397144377231598
8;0.016982601955533028;0.020780067890882492
9;0.016987262293696404;0.02493535913527012
10;0.017016185447573662;0.027541067451238632
11;0.016970189288258553;0.02483317255973816
12;0.01697811670601368;0.025161653757095337
13;0.017024727538228035;0.026208117604255676
14;0.01700221188366413;0.030108189210295677
15;0.01701892912387848;0.02637382782995701
