epoch;loss;val_loss
0;0.32141974568367004;0.2682700455188751
1;0.24816985428333282;0.24350272119045258
2;0.23284833133220673;0.27345192432403564
3;0.2284161001443863;0.2802852392196655
4;0.22352692484855652;0.23749922215938568
5;0.21980836987495422;0.2958725690841675
6;0.21698658168315887;0.24199506640434265
7;0.21310175955295563;0.22825036942958832
8;0.21041928231716156;0.23697803914546967
9;0.208098366856575;0.2273375689983368
10;0.20717653632164001;0.27703791856765747
11;0.20513610541820526;0.20973624289035797
12;0.20420145988464355;0.2545851767063141
0;0.38133010268211365;0.3625468313694
1;0.2777562737464905;0.3127102553844452
2;0.26090967655181885;0.2692667841911316
3;0.2513616383075714;0.28036847710609436
4;0.24249891936779022;0.32830336689949036
5;0.2397548258304596;0.2587628662586212
6;0.2360978126525879;0.2765185534954071
7;0.23326259851455688;0.25333642959594727
8;0.2306383103132248;0.2651730477809906
9;0.22603967785835266;0.2729778587818146
10;0.22443684935569763;0.26076215505599976
11;0.22199954092502594;0.2484128773212433
12;0.22110524773597717;0.23882201313972473
13;0.2191781848669052;0.23320496082305908
14;0.21894952654838562;0.23680682480335236
15;0.2166060507297516;0.2709386646747589
16;0.2153002917766571;0.26036298274993896
17;0.2150789201259613;0.2586926221847534
18;0.21442590653896332;0.24115726351737976
19;0.2125905603170395;0.2267642319202423
20;0.2129002958536148;0.22681796550750732
21;0.21341831982135773;0.2442319244146347
22;0.21282771229743958;0.22179733216762543
23;0.21097636222839355;0.21851292252540588
24;0.21114319562911987;0.22309593856334686
25;0.21031330525875092;0.21920204162597656
26;0.20899195969104767;0.21587538719177246
27;0.20851123332977295;0.23644880950450897
28;0.20775415003299713;0.21584977209568024
29;0.20645132660865784;0.22249585390090942
30;0.2059224396944046;0.2611098885536194
31;0.20600716769695282;0.20996439456939697
32;0.20439112186431885;0.23382627964019775
