epoch;loss;val_loss
0;0.40906521677970886;0.38761839270591736
1;0.31096407771110535;0.3281935155391693
2;0.2948392927646637;0.3237650394439697
3;0.27947095036506653;0.2922515273094177
4;0.2631031572818756;0.27115094661712646
5;0.2529166340827942;0.271653950214386
6;0.24708038568496704;0.28527364134788513
7;0.24272885918617249;0.2747235596179962
8;0.2411787509918213;0.26987358927726746
9;0.23924924433231354;0.26172924041748047
10;0.23778274655342102;0.25542372465133667
11;0.23424914479255676;0.2462271898984909
12;0.23140941560268402;0.248529851436615
13;0.2282915562391281;0.2452208697795868
14;0.225778266787529;0.24588093161582947
15;0.22246640920639038;0.28113776445388794
16;0.21986739337444305;0.251739501953125
17;0.21788330376148224;0.25597062706947327
18;0.21574273705482483;0.27670934796333313
19;0.2145504653453827;0.24145466089248657
20;0.21335862576961517;0.2357545793056488
21;0.21173317730426788;0.24622902274131775
22;0.21081015467643738;0.2336774617433548
23;0.20906473696231842;0.23153211176395416
24;0.2089914083480835;0.32628333568573
25;0.20963095128536224;0.2367222011089325
26;0.2093139886856079;0.23651844263076782
27;0.2076166868209839;0.26823678612709045
28;0.20860089361667633;0.23701755702495575
29;0.20690366625785828;0.24313680827617645
30;0.20844775438308716;0.24075086414813995
0;0.4679649770259857;0.3286336362361908
1;0.27477991580963135;0.33013588190078735
2;0.26138317584991455;0.321636438369751
3;0.25450998544692993;0.3077413737773895
4;0.2476263791322708;0.28499850630760193
5;0.2439260333776474;0.2741653323173523
6;0.23876594007015228;0.27476420998573303
7;0.23633724451065063;0.26669514179229736
8;0.23366299271583557;0.2631455361843109
9;0.23061828315258026;0.315883070230484
10;0.22896677255630493;0.27366822957992554
11;0.2263879030942917;0.24448814988136292
12;0.224073588848114;0.27634504437446594
13;0.22163258492946625;0.24539998173713684
14;0.21737872064113617;0.2413589507341385
15;0.21273837983608246;0.2338433712720871
16;0.2103305608034134;0.2327352613210678
17;0.20868223905563354;0.22949256002902985
18;0.20810629427433014;0.23298673331737518
19;0.20749841630458832;0.23381873965263367
20;0.20642445981502533;0.2552708089351654
21;0.20619386434555054;0.22912074625492096
22;0.20532441139221191;0.24126459658145905
23;0.20438581705093384;0.24231505393981934
