epoch;loss;val_loss
0;0.015224363654851913;0.020877016708254814
1;0.012255585752427578;0.01366442907601595
2;0.010401934385299683;0.012699807062745094
3;0.009138615801930428;0.010631084442138672
4;0.008392474614083767;0.009989293292164803
5;0.008285642601549625;0.009348660707473755
6;0.008142581209540367;0.009646381251513958
7;0.008128267712891102;0.01211464498192072
8;0.00810941681265831;0.011475306935608387
9;0.008062677457928658;0.014502245932817459
10;0.00808845367282629;0.009774092584848404
11;0.00803993921726942;0.012052645906805992
12;0.00802102405577898;0.017212623730301857
