epoch;loss;val_loss
0;0.013178986497223377;0.019446637481451035
1;0.008711774833500385;0.01420844066888094
2;0.007737729232758284;0.013117149472236633
3;0.007224952802062035;0.01070378441363573
4;0.0070073953829705715;0.010818288661539555
5;0.006921540945768356;0.011335166171193123
6;0.006813986226916313;0.01219054777175188
7;0.006837605964392424;0.011488118208944798
8;0.006795086897909641;0.015870757400989532
9;0.006785309873521328;0.010899941436946392
10;0.0066523440182209015;0.010319302789866924
11;0.006765867583453655;0.013185860589146614
12;0.006670871749520302;0.011436088010668755
13;0.006729546468704939;0.015176989138126373
14;0.006623942404985428;0.018068797886371613
15;0.006624517031013966;0.012443209998309612
16;0.006605449132621288;0.010470212437212467
17;0.006580662447959185;0.010244723409414291
18;0.006669638678431511;0.01065853051841259
19;0.006651363335549831;0.010382621549069881
20;0.006609698291867971;0.0113414591178298
21;0.006574316881597042;0.010788251645863056
22;0.006584740709513426;0.012460162863135338
23;0.006601130124181509;0.013584720902144909
24;0.006574883125722408;0.009914034977555275
25;0.0065466007217764854;0.011898884549736977
26;0.006634999997913837;0.010245679877698421
27;0.006604368332773447;0.01163941714912653
28;0.006595950108021498;0.010190784931182861
29;0.006701030768454075;0.010568794794380665
30;0.006646425928920507;0.01034421194344759
31;0.00654663285240531;0.010134696029126644
