epoch;loss;val_loss
0;0.013683645986020565;0.01364051178097725
1;0.008916742168366909;0.012489947490394115
2;0.008292047306895256;0.013768426142632961
3;0.008059049025177956;0.012423143722116947
4;0.007593578193336725;0.011044645681977272
5;0.007364373188465834;0.012215296737849712
6;0.007223510183393955;0.01112269051373005
7;0.007094508036971092;0.011199889704585075
8;0.007137454114854336;0.013004951179027557
9;0.00702197290956974;0.010345878079533577
10;0.00702151982113719;0.010741143487393856
11;0.007053192704916;0.010896940715610981
12;0.006967530120164156;0.013179630972445011
13;0.007056263275444508;0.01133490540087223
14;0.006990894675254822;0.011331150308251381
15;0.006954008247703314;0.010422889143228531
16;0.006981404032558203;0.010639199055731297
