epoch;loss;val_loss
0;0.013223442249000072;0.014149184338748455
1;0.009613137692213058;0.010979884304106236
2;0.008662627078592777;0.010567708872258663
3;0.00832486990839243;0.011922531761229038
4;0.008288584649562836;0.009781436063349247
5;0.008167578838765621;0.009293792769312859
6;0.008089807815849781;0.010019435547292233
7;0.008101616986095905;0.01298678107559681
8;0.008127682842314243;0.009075143374502659
9;0.008062277920544147;0.009172906167805195
10;0.00803465023636818;0.009585781954228878
11;0.008049423806369305;0.011646761558949947
12;0.008001754060387611;0.009665139019489288
13;0.008040116168558598;0.008969057351350784
14;0.008019988425076008;0.009195221588015556
15;0.008014396764338017;0.009945404715836048
16;0.00800290796905756;0.010729308240115643
17;0.007998831570148468;0.009325597435235977
18;0.007986942306160927;0.009239047765731812
19;0.008017364889383316;0.010244247503578663
20;0.008027398958802223;0.010258125141263008
