epoch;loss;val_loss
0;0.020508142188191414;0.03532172366976738
1;0.020410265773534775;0.04088011011481285
2;0.020388754084706306;0.04014238715171814
3;0.020455488935112953;0.038990046828985214
4;0.020426860079169273;0.0353652723133564
5;0.020414208993315697;0.038805246353149414
6;0.020423483103513718;0.038341592997312546
7;0.020445585250854492;0.032381925731897354
8;0.020444795489311218;0.03923690691590309
9;0.02041766420006752;0.03228551149368286
10;0.02038814127445221;0.033377520740032196
11;0.02042294107377529;0.038202155381441116
12;0.020427657291293144;0.03783146291971207
13;0.020445123314857483;0.03936660662293434
14;0.020483769476413727;0.040193330496549606
15;0.02040998823940754;0.03642304986715317
16;0.020468425005674362;0.03357885405421257
