epoch;loss;val_loss
0;0.0197736993432045;0.012104895897209644
1;0.007614199537783861;0.010536549612879753
2;0.006325318943709135;0.010059787891805172
3;0.006156167481094599;0.008960999548435211
4;0.006055066827684641;0.009666903875768185
5;0.006036372855305672;0.00992713961750269
0;0.02026371657848358;0.028746347874403
1;0.01069568656384945;0.014363441616296768
2;0.009728770703077316;0.014820968732237816
3;0.00943226832896471;0.01339191198348999
4;0.00921939592808485;0.013193095102906227
5;0.00904499925673008;0.013843368738889694
6;0.009040971286594868;0.01306636817753315
7;0.00886443443596363;0.014298954978585243
8;0.008844920434057713;0.012649618089199066
9;0.008773122914135456;0.013373767025768757
10;0.008670935407280922;0.013170070946216583
11;0.00867476500570774;0.013084777630865574
12;0.008698704652488232;0.015467870980501175
13;0.008672145195305347;0.012473300099372864
14;0.008649530820548534;0.012833033688366413
15;0.008685208857059479;0.013101207092404366
