epoch;loss;val_loss
0;0.011439437977969646;0.011754261329770088
1;0.007763705216348171;0.01018079835921526
2;0.007101207971572876;0.010100295767188072
3;0.0066170343197882175;0.008937799371778965
4;0.006508341059088707;0.009337475523352623
5;0.006474848370999098;0.00949933659285307
6;0.006316068582236767;0.00988797191530466
7;0.006336651276797056;0.011951484717428684
8;0.006277477368712425;0.008761808276176453
9;0.006351401563733816;0.009225980378687382
10;0.0062929438427090645;0.008576255291700363
11;0.006236704997718334;0.009065278805792332
12;0.006245792377740145;0.008831102401018143
13;0.006281387526541948;0.009575992822647095
14;0.006252800114452839;0.009287547320127487
15;0.006232901010662317;0.009212925098836422
16;0.006237030029296875;0.009926008060574532
17;0.006230970844626427;0.008996911346912384
