epoch;loss;val_loss
0;0.013904177583754063;0.015408388338983059
1;0.009555415250360966;0.011801173910498619
2;0.008496616035699844;0.010740192607045174
3;0.00809845607727766;0.012984105385839939
4;0.007851586677134037;0.01236340869218111
5;0.0077254557982087135;0.010518603958189487
6;0.007684349548071623;0.01090042944997549
7;0.007613044232130051;0.009945357218384743
8;0.007654483430087566;0.01120076049119234
9;0.007639097049832344;0.009973155334591866
10;0.0075217620469629765;0.010655583813786507
11;0.007588689215481281;0.01032776664942503
12;0.007591266185045242;0.014977695420384407
13;0.007588462438434362;0.010271373204886913
14;0.007594495080411434;0.010806694626808167
