epoch;loss;val_loss
0;0.02542315050959587;0.023833543062210083
1;0.012877346016466618;0.024382857605814934
2;0.012873249128460884;0.024181298911571503
3;0.012876062653958797;0.02353924699127674
4;0.01287774182856083;0.024389570578932762
5;0.012882636860013008;0.02425353415310383
6;0.012879038229584694;0.024835271760821342
7;0.012882458977401257;0.023837406188249588
8;0.012879248708486557;0.024107076227664948
9;0.012875036336481571;0.024476954713463783
10;0.012875308282673359;0.024022893980145454
0;0.020195066928863525;0.012117978185415268
1;0.006645003333687782;0.009846484288573265
2;0.006052395328879356;0.008727557957172394
3;0.005811185110360384;0.00836642924696207
4;0.00566116813570261;0.008512778207659721
5;0.0055967653170228004;0.008082290180027485
6;0.0055357287637889385;0.008223325945436954
7;0.005513846408575773;0.008077356964349747
8;0.005474615376442671;0.007953784428536892
9;0.005449798423796892;0.00816742330789566
10;0.005414871498942375;0.008198554627597332
11;0.005387535318732262;0.007952917367219925
12;0.0053552426397800446;0.007885226979851723
13;0.005335643887519836;0.007673739455640316
14;0.005299901589751244;0.00785194430500269
15;0.00527369836345315;0.008196566253900528
16;0.005256231874227524;0.007675835397094488
17;0.005233886186033487;0.007548824418336153
0;0.012746010906994343;0.014064515009522438
1;0.00990938488394022;0.016705498099327087
2;0.00946392398327589;0.013386809267103672
3;0.00916795153170824;0.012797516770660877
4;0.008934822864830494;0.012250995263457298
5;0.008851851336658001;0.012920037843286991
6;0.008862732909619808;0.01339329220354557
7;0.008824645541608334;0.013797378167510033
8;0.008816322311758995;0.012601515278220177
9;0.008826355449855328;0.0173359215259552
10;0.008768725208938122;0.014382472261786461
11;0.008809920400381088;0.013610361143946648
0;0.014787768945097923;0.014982298016548157
1;0.010058291256427765;0.013421474024653435
2;0.008466575294733047;0.011895707808434963
3;0.008057387545704842;0.010929800570011139
4;0.00780534278601408;0.010828673839569092
5;0.007634100038558245;0.010853252373635769
6;0.007611159235239029;0.010533549822866917
7;0.0074976361356675625;0.010957552120089531
8;0.007531866431236267;0.010847392491996288
9;0.007494517136365175;0.012473288923501968
10;0.007433846592903137;0.01386809628456831
11;0.007429872639477253;0.011006471700966358
12;0.007490570656955242;0.010740499012172222
13;0.007407079916447401;0.013702520169317722
