epoch;loss;val_loss
0;0.018170161172747612;0.02877451293170452
1;0.016869504004716873;0.029031973332166672
2;0.016878843307495117;0.025610441341996193
3;0.01684972643852234;0.029584351927042007
4;0.016878943890333176;0.028704948723316193
5;0.01687069609761238;0.024968458339571953
6;0.01690441556274891;0.03004356473684311
7;0.01688738353550434;0.03038041852414608
8;0.016837241128087044;0.027619309723377228
9;0.016874605789780617;0.02717011421918869
10;0.016880055889487267;0.030936820432543755
11;0.016874123364686966;0.027944758534431458
12;0.016898153349757195;0.02808183617889881
0;0.018258869647979736;0.0267489030957222
1;0.016582652926445007;0.024248475208878517
2;0.016598552465438843;0.02406851388514042
3;0.016624202951788902;0.027076713740825653
4;0.016624243929982185;0.02851105108857155
5;0.01661592349410057;0.03182901069521904
6;0.01663367822766304;0.028072142973542213
7;0.016620317474007607;0.024759119376540184
8;0.01659432426095009;0.030790027230978012
9;0.016581740230321884;0.0347154475748539
