epoch;loss;val_loss
0;0.013882198370993137;0.018670804798603058
1;0.009265606291592121;0.016019538044929504
2;0.008531386964023113;0.012824000790715218
3;0.008431383408606052;0.012079516425728798
4;0.008247528225183487;0.01314903050661087
5;0.008368748240172863;0.011966004967689514
6;0.008228576742112637;0.012276813387870789
7;0.008212350308895111;0.013035194016993046
8;0.00813637301325798;0.012243485078215599
9;0.008073715493083;0.01360174547880888
10;0.00817409809678793;0.012801541946828365
11;0.008092057891190052;0.013045175932347775
12;0.008165732957422733;0.013048030436038971
