epoch;loss;val_loss
0;0.01225864328444004;0.024227173998951912
1;0.011827968992292881;0.023501118645071983
2;0.011840682476758957;0.02313034050166607
3;0.01182639878243208;0.019974714145064354
4;0.011802136898040771;0.0220955740660429
5;0.011823032982647419;0.01951620914041996
6;0.011830072849988937;0.024103477597236633
7;0.011830381117761135;0.01768626645207405
8;0.011834181845188141;0.021819211542606354
9;0.011796764098107815;0.02022722363471985
10;0.011841567233204842;0.023817837238311768
11;0.01183728501200676;0.016936659812927246
12;0.01181553490459919;0.019179804250597954
13;0.01182941347360611;0.0223138015717268
14;0.011790248565375805;0.02239297330379486
15;0.01181263942271471;0.02123848907649517
16;0.011831535026431084;0.02593107521533966
17;0.011821731925010681;0.016239898279309273
18;0.011823173612356186;0.020681116729974747
19;0.011817238293588161;0.021119676530361176
20;0.01180341187864542;0.021590834483504295
21;0.011831582523882389;0.018928896635770798
22;0.01181814819574356;0.02278272993862629
23;0.011823873035609722;0.021422192454338074
24;0.011796953156590462;0.020656488835811615
