epoch;loss;val_loss
0;0.015314819291234016;0.011121288873255253
1;0.007027332205325365;0.010765922255814075
2;0.006791437976062298;0.009971980936825275
3;0.006645974237471819;0.010798074305057526
4;0.006542711518704891;0.010298050940036774
5;0.006460120435804129;0.009568748064339161
6;0.006379681173712015;0.010081864893436432
7;0.006310878321528435;0.010437902063131332
8;0.006254516076296568;0.009566452354192734
9;0.006211921572685242;0.009704756550490856
10;0.006177400704473257;0.009312666952610016
11;0.00614651944488287;0.009336516261100769
12;0.006110295653343201;0.009187696501612663
13;0.006087427493184805;0.00962456502020359
14;0.006075495388358831;0.009121233597397804
15;0.006048159673810005;0.009179220534861088
16;0.006043633446097374;0.009191437624394894
17;0.006009832955896854;0.009123939089477062
18;0.0060023413971066475;0.009071672335267067
19;0.005985752213746309;0.008997973054647446
20;0.0059852744452655315;0.009263580664992332
21;0.005984599236398935;0.009493901394307613
22;0.005979000125080347;0.009477692656219006
0;0.01119830273091793;0.012668583542108536
1;0.008632545359432697;0.011070105247199535
2;0.00818564835935831;0.011325442232191563
3;0.00799856148660183;0.011269991286098957
4;0.007871846668422222;0.0113456379622221
5;0.007810481358319521;0.015156559646129608
6;0.007821913808584213;0.012934288941323757
7;0.0077567254193127155;0.01138292532414198
8;0.007747400086373091;0.011971074156463146
