epoch;loss;val_loss
0;0.012733910232782364;0.017547523602843285
1;0.010102929547429085;0.014748203568160534
2;0.009475896134972572;0.013253890909254551
3;0.008931937627494335;0.012868786230683327
4;0.00858110748231411;0.013393191620707512
5;0.008381380699574947;0.013445387594401836
6;0.00836968794465065;0.012458273209631443
7;0.008217597380280495;0.011835144832730293
8;0.008173925802111626;0.012935752049088478
9;0.008123043924570084;0.012226974591612816
10;0.008130905218422413;0.011415147222578526
11;0.008061671629548073;0.013039162382483482
12;0.0081142233684659;0.010940749198198318
13;0.008035090751945972;0.011297175660729408
14;0.008041695691645145;0.01147390902042389
15;0.008054905571043491;0.011067154817283154
16;0.008016233332455158;0.011975839734077454
17;0.008032075129449368;0.011495480313897133
18;0.008022400550544262;0.011874966323375702
19;0.008028793148696423;0.011521529406309128
