epoch;loss;val_loss
0;0.46131205558776855;0.34248626232147217
1;0.25448620319366455;0.2989614009857178
2;0.23470497131347656;0.2781955301761627
3;0.22197654843330383;0.259183406829834
4;0.21255214512348175;0.24879273772239685
5;0.20575515925884247;0.2619057893753052
6;0.20117530226707458;0.2360735386610031
7;0.1979237198829651;0.22932025790214539
8;0.19507308304309845;0.2388840913772583
9;0.1923786997795105;0.239099383354187
10;0.19054262340068817;0.21359045803546906
11;0.188569575548172;0.2149050384759903
12;0.18690940737724304;0.20691579580307007
13;0.18549585342407227;0.20611505210399628
14;0.1839134395122528;0.21062402427196503
15;0.18229883909225464;0.20144546031951904
16;0.18236131966114044;0.20410752296447754
17;0.18145854771137238;0.21145941317081451
18;0.18018557131290436;0.20057179033756256
19;0.17951440811157227;0.20143035054206848
20;0.17861467599868774;0.21623900532722473
21;0.17847314476966858;0.19389086961746216
22;0.17767801880836487;0.19677932560443878
23;0.17664645612239838;0.19106455147266388
