epoch;loss;val_loss
0;0.013986777514219284;0.016752731055021286
1;0.010265886783599854;0.013069160282611847
2;0.009807866998016834;0.01237930916249752
3;0.009514476172626019;0.01188832987099886
4;0.009390666149556637;0.01302081998437643
5;0.009206874296069145;0.01190385315567255
6;0.00917047169059515;0.01183036807924509
7;0.009135463275015354;0.013620409183204174
8;0.009160432033240795;0.011371870525181293
9;0.009192909114062786;0.011564946733415127
10;0.009164702147245407;0.011472728103399277
11;0.009145839139819145;0.011586937122046947
12;0.009121401235461235;0.011541369371116161
13;0.00909572746604681;0.011703181080520153
14;0.00913986749947071;0.010978790000081062
15;0.009104834869503975;0.011132546700537205
16;0.009096015244722366;0.011574199423193932
17;0.00906279869377613;0.01129517424851656
18;0.00905786082148552;0.011787247844040394
19;0.009008057415485382;0.0109323188662529
20;0.008970733731985092;0.012636841274797916
21;0.008979695849120617;0.011518387123942375
22;0.008940473198890686;0.011250367388129234
