epoch;loss;val_loss
0;0.01527254469692707;0.018007593229413033
1;0.012587720528244972;0.020528746768832207
2;0.011977734044194221;0.017635975033044815
3;0.011296347714960575;0.016577504575252533
4;0.010569890961050987;0.015777993947267532
5;0.009509727358818054;0.013618542812764645
6;0.00861268863081932;0.0122951939702034
7;0.008153699338436127;0.011611966416239738
8;0.007946610450744629;0.017075154930353165
9;0.007879449054598808;0.011492850258946419
10;0.007857643999159336;0.013332617469131947
11;0.007721585687249899;0.011043704114854336
12;0.007631321437656879;0.013193386606872082
13;0.0075965640135109425;0.011069562286138535
14;0.0074964966624975204;0.011882483959197998
15;0.007436791434884071;0.012582204304635525
16;0.007484275847673416;0.011675121262669563
17;0.007379492279142141;0.012029256671667099
18;0.007382589392364025;0.011016424745321274
19;0.007347347214818001;0.011257312260568142
20;0.00728473300114274;0.010893061757087708
21;0.007361337076872587;0.012384981848299503
22;0.007371008861809969;0.011038743890821934
23;0.007329913787543774;0.011603002436459064
24;0.007303906138986349;0.010791841894388199
25;0.00737993698567152;0.010602385737001896
26;0.007274725940078497;0.011550144292414188
27;0.007374000269919634;0.011319154873490334
28;0.007331784348934889;0.010440749116241932
29;0.00723467068746686;0.011801313608884811
30;0.007318100892007351;0.012383276596665382
31;0.007267100270837545;0.011161097325384617
32;0.0073143430054187775;0.01094730943441391
33;0.0073302206583321095;0.010603013448417187
34;0.007248726673424244;0.010900279507040977
35;0.007356074173003435;0.016301557421684265
