epoch;loss;val_loss
0;0.011779818683862686;0.01141134649515152
1;0.0077744703739881516;0.008660482242703438
2;0.007159208878874779;0.008793381042778492
3;0.006938342936336994;0.009103542193770409
4;0.006703280843794346;0.008387235924601555
5;0.006608922965824604;0.008499493822455406
6;0.006496227812021971;0.007943099364638329
7;0.006467851344496012;0.009316401556134224
8;0.00648149661719799;0.007667903788387775
9;0.006437566131353378;0.00889632385224104
10;0.006369369570165873;0.00816922727972269
11;0.006339061539620161;0.00965824443846941
12;0.006329377647489309;0.012741588987410069
13;0.006351148243993521;0.00763722276315093
14;0.006318403407931328;0.00837410893291235
15;0.006319333333522081;0.007599199656397104
16;0.006296926643699408;0.007821441628038883
17;0.006246229168027639;0.008569040335714817
18;0.0062814815901219845;0.00813497044146061
19;0.006211632397025824;0.008139058947563171
20;0.006231619045138359;0.008077270351350307
21;0.006202331278473139;0.007810264825820923
22;0.006193174049258232;0.00871638860553503
