epoch;loss;val_loss
0;0.010511618107557297;0.014538420364260674
1;0.009031599387526512;0.012870018370449543
2;0.008821170777082443;0.012876473367214203
3;0.008844784460961819;0.011990646831691265
4;0.008762023411691189;0.014427675865590572
5;0.008736448362469673;0.01556868851184845
6;0.008699767291545868;0.012470224872231483
7;0.008681479841470718;0.011971249245107174
8;0.008672602474689484;0.012425391003489494
9;0.008658338338136673;0.014394248835742474
10;0.008614894933998585;0.011604531668126583
11;0.0085996612906456;0.013315883465111256
12;0.008583868853747845;0.013015730306506157
13;0.008507583290338516;0.011650513857603073
14;0.00855161901563406;0.015055912546813488
15;0.00851552002131939;0.012571489438414574
16;0.008557853288948536;0.012100106105208397
17;0.008588677272200584;0.011765893548727036
