epoch;loss;val_loss
0;0.045053061097860336;0.038854170590639114
1;0.023962585255503654;0.025394679978489876
2;0.015246223658323288;0.015471289865672588
3;0.009859733283519745;0.011647711507976055
4;0.00711886677891016;0.00801115483045578
5;0.006185709033161402;0.007110357750207186
6;0.005852455273270607;0.006798055488616228
7;0.0056164157576859;0.006431175861507654
8;0.005475258454680443;0.0069482349790632725
9;0.005355999805033207;0.006872536148875952
10;0.005256529897451401;0.006217405665665865
11;0.0051701669581234455;0.008657202124595642
12;0.005099473986774683;0.005696356296539307
13;0.005039657931774855;0.007843627594411373
14;0.0049947574734687805;0.005745257250964642
15;0.004988254979252815;0.006303227040916681
16;0.004963943734765053;0.0060058520175516605
17;0.0049199978820979595;0.006870422977954149
18;0.004929995629936457;0.007282280828803778
19;0.004912735428661108;0.005263845901936293
20;0.004854314494878054;0.006569074001163244
21;0.004817049950361252;0.005576348397880793
22;0.004819123074412346;0.005993023980408907
23;0.004759646020829678;0.00559986662119627
24;0.004739931784570217;0.005535546690225601
25;0.004771813750267029;0.007859901525080204
26;0.004755331669002771;0.005648949183523655
