epoch;loss;val_loss
0;0.009807189926505089;0.010258388705551624
1;0.005299701355397701;0.008209113031625748
2;0.004912249743938446;0.006582976318895817
3;0.004784766584634781;0.006941564846783876
4;0.004685431718826294;0.007213330827653408
5;0.004654177464544773;0.006549927406013012
6;0.0045095463283360004;0.007024326827377081
7;0.004501997493207455;0.00611476693302393
8;0.004360736347734928;0.006892514880746603
9;0.004319336730986834;0.00590528966858983
10;0.004344264976680279;0.009823891334235668
11;0.004356684163212776;0.006324916146695614
12;0.0043008471839129925;0.008141642436385155
13;0.004273136146366596;0.005831507965922356
14;0.004290396347641945;0.005987565498799086
15;0.004277752712368965;0.007273656316101551
16;0.004248215351253748;0.006681046448647976
17;0.0042578307911753654;0.005956640001386404
18;0.004291296470910311;0.007332798559218645
19;0.004227063152939081;0.005443437956273556
20;0.004244572948664427;0.0056130243465304375
21;0.00430681137368083;0.005825181026011705
22;0.004215862601995468;0.0057039279490709305
23;0.0042284224182367325;0.0057187010534107685
24;0.004266263451427221;0.006150559522211552
25;0.0042656464502215385;0.005878829397261143
26;0.004238341469317675;0.008037135936319828
