epoch;loss;val_loss
0;0.018557026982307434;0.02971973828971386
1;0.0180387981235981;0.03753681108355522
2;0.01801370643079281;0.02787048928439617
3;0.018058396875858307;0.03353304788470268
4;0.018033083528280258;0.03035152703523636
5;0.01803530566394329;0.035282183438539505
6;0.01804874651134014;0.03481052443385124
7;0.018045149743556976;0.030928773805499077
8;0.018035661429166794;0.029802704229950905
9;0.018059389665722847;0.031206009909510612
0;0.009940061718225479;0.013298396952450275
1;0.008527646772563457;0.014524969272315502
2;0.008172194473445415;0.01265886053442955
3;0.008120301179587841;0.011352963745594025
4;0.007983080111443996;0.011111561208963394
5;0.007994776591658592;0.011467944830656052
6;0.007905892096459866;0.01138312742114067
7;0.007927018217742443;0.011420159600675106
8;0.007843495346605778;0.013324523344635963
9;0.007794892881065607;0.01118062250316143
10;0.00783521682024002;0.011017957702279091
11;0.007811499759554863;0.011762826703488827
12;0.00789619516581297;0.012869151309132576
13;0.007780165411531925;0.014320331625640392
14;0.00783826969563961;0.011227407492697239
15;0.007775451522320509;0.011092140339314938
16;0.007785908877849579;0.010852666571736336
17;0.0077631305903196335;0.01496001798659563
18;0.007776177022606134;0.012199105694890022
19;0.007796172983944416;0.013467296957969666
20;0.007770927157253027;0.01164258923381567
21;0.007735289633274078;0.0126140546053648
22;0.007807340007275343;0.012522077187895775
23;0.007779939565807581;0.01139867678284645
