epoch;loss;val_loss
0;0.4195423722267151;0.39850348234176636
1;0.3084903657436371;0.37333592772483826
2;0.2965584397315979;0.34767183661460876
3;0.2912607491016388;0.36984890699386597
4;0.2879795432090759;0.3436121642589569
5;0.28619495034217834;0.3164234757423401
6;0.2843402922153473;0.3744817078113556
7;0.28401511907577515;0.32958710193634033
8;0.28060656785964966;0.3812556862831116
9;0.27809301018714905;0.33227604627609253
10;0.2755396068096161;0.3054681420326233
11;0.27213186025619507;0.34759458899497986
12;0.2698366940021515;0.286731094121933
13;0.26621678471565247;0.33109796047210693
14;0.26268208026885986;0.28897595405578613
15;0.2600843012332916;0.3054598271846771
16;0.25802749395370483;0.27288368344306946
17;0.2573949098587036;0.283305823802948
18;0.2563798427581787;0.2835827171802521
19;0.2562548816204071;0.28019967675209045
20;0.2549150288105011;0.2856942415237427
21;0.2553415298461914;0.30823689699172974
22;0.25543123483657837;0.2883654534816742
23;0.25492188334465027;0.30614256858825684
