epoch;loss;val_loss
0;0.007003523409366608;0.006203613709658384
1;0.004904187750071287;0.0051618716679513454
2;0.004326521884649992;0.004951372742652893
3;0.004021208267658949;0.0046070413663983345
4;0.003980815410614014;0.005753940902650356
5;0.0038850796408951283;0.0040763202123343945
6;0.0038199196569621563;0.004062246531248093
7;0.0037494152784347534;0.003925700671970844
8;0.0037656452041119337;0.004438572563230991
9;0.003713552374392748;0.004578586667776108
10;0.0037163749802857637;0.004930666647851467
11;0.0036998239811509848;0.004342879168689251
12;0.003689809935167432;0.004135596100240946
13;0.0036731096915900707;0.004863379523158073
14;0.0036865880247205496;0.004058000631630421
0;0.0063189114443957806;0.004959962796419859
1;0.004032375756651163;0.0063130236230790615
2;0.0037859638687223196;0.004688928369432688
3;0.0037772839423269033;0.0055270930752158165
4;0.0036840050015598536;0.005826541222631931
5;0.003705965355038643;0.004470200277864933
6;0.003595692804083228;0.004735594615340233
7;0.003545968094840646;0.004202916286885738
8;0.0035075368359684944;0.004347904585301876
9;0.003518566722050309;0.003997781313955784
10;0.003511193674057722;0.004636460915207863
11;0.00349121680483222;0.0052049653604626656
12;0.003474303288385272;0.004192455671727657
13;0.0034928633831441402;0.004415399860590696
14;0.003445702139288187;0.004757939372211695
15;0.0035098539665341377;0.004359258804470301
16;0.0034477701410651207;0.004900228697806597
0;0.01661689393222332;0.029983200132846832
1;0.016349777579307556;0.02690928801894188
2;0.016382893547415733;0.02592964470386505
3;0.016376636922359467;0.033070702105760574
4;0.016392769291996956;0.03049977868795395
5;0.016394056379795074;0.03122531808912754
6;0.01640983670949936;0.02916468121111393
7;0.01639830693602562;0.02728663757443428
8;0.016389435157179832;0.02668730728328228
9;0.01640820875763893;0.02760416641831398
0;0.010747356340289116;0.010594997555017471
1;0.00804920680820942;0.00944705680012703
2;0.007458994630724192;0.008978106081485748
3;0.007219043094664812;0.008737673982977867
4;0.007073968183249235;0.00941153708845377
5;0.00697565171867609;0.008689054287970066
6;0.006888654548674822;0.010921184904873371
7;0.006842819508165121;0.0084388367831707
8;0.0068008555099368095;0.008425789885222912
9;0.006726975552737713;0.009487016126513481
10;0.006749757565557957;0.008240188471972942
